,1. open,2. high,3. low,4. close,5. volume
2023-01-27,113.1400,114.0100,112.4700,113.5900,891121
2023-01-26,112.9700,113.7800,112.5100,113.3500,723394
2023-01-25,112.8400,113.4400,112.3100,113.4100,884448
2023-01-24,114.3200,114.3200,112.3000,113.4300,743944
2023-01-23,114.0600,114.8500,113.1100,113.7700,1032282
2023-01-20,112.4600,114.0600,110.4500,113.9700,1566919
2023-01-19,113.8800,113.9399,112.2600,112.5600,823741
2023-01-18,117.7900,117.7900,113.7700,113.9000,1313141
2023-01-17,118.2100,118.8999,116.9700,117.3100,1192426
2023-01-13,118.7300,118.9358,117.1300,117.9300,870690
2023-01-12,120.9500,121.2467,119.1000,119.3900,947508
2023-01-11,119.8400,121.3200,119.8400,120.7200,669423
2023-01-10,120.1000,120.1900,119.0200,120.0200,661709
2023-01-09,119.1700,121.2200,119.1700,120.4600,899829
2023-01-06,117.7600,119.8400,117.1500,119.4400,817454
2023-01-05,118.7400,119.4100,116.4050,116.5800,838946
2023-01-04,118.4000,120.3900,118.2500,119.5600,971059
2023-01-03,117.7500,118.3400,116.2100,117.8600,810852
2022-12-30,119.0700,119.1550,116.5100,117.5300,550543
2022-12-29,118.6700,119.7600,118.6000,119.1800,530509
2022-12-28,119.3900,120.1600,118.0600,118.2200,603401
2022-12-27,118.9000,119.5950,118.3100,119.2300,579459
2022-12-23,116.3400,118.5700,116.3400,118.5400,710801
2022-12-22,117.3300,117.3300,114.7450,116.7500,1518626
2022-12-21,116.0900,117.4500,115.8500,117.4300,1013089
2022-12-20,115.1000,116.0500,114.2500,115.4700,1338991
2022-12-19,115.6700,116.4600,114.6600,115.1800,885437
2022-12-16,116.8200,117.1600,114.6400,115.8200,3118397
2022-12-15,120.1900,120.6800,118.3600,119.1100,1419612
2022-12-14,120.9200,122.1800,119.7569,120.6000,2148186
2022-12-13,121.7300,122.4050,119.0750,120.4600,1587397
2022-12-12,118.1400,120.1900,117.4800,120.1500,1056700
2022-12-09,117.3000,118.2200,116.8800,117.1900,1456423
2022-12-08,115.8500,117.9100,115.1576,117.6600,1692138
2022-12-07,115.7100,116.7200,114.1500,114.4100,982087
2022-12-06,113.9900,115.9800,113.7700,115.8700,1325318
2022-12-05,114.2000,115.2000,113.8000,114.0600,1798042
2022-12-02,115.0000,115.2980,114.1800,115.0600,1320542
2022-12-01,117.0800,118.2500,116.0700,116.1200,1971134
2022-11-30,113.7000,116.5000,113.4100,116.0100,3527473
2022-11-29,114.7600,115.2900,113.4600,114.1300,1209214
2022-11-28,113.9100,115.7200,113.8800,115.3000,1965673
2022-11-25,114.9100,115.4200,114.6000,114.7800,386971
2022-11-23,112.8300,114.5300,112.6600,114.4900,965979
2022-11-22,113.6800,114.9000,113.1000,113.6700,1425478
2022-11-21,114.8900,114.8900,112.0000,113.0000,2967287
2022-11-18,114.5000,116.4950,114.3900,114.6000,2300303
2022-11-17,114.0200,114.4100,112.8000,113.2400,1464159
2022-11-16,114.4800,115.9900,114.4300,115.1800,1618451
2022-11-15,114.2000,115.2200,113.0500,114.4800,1260126
2022-11-14,114.5700,115.6250,112.8800,113.0500,1859659
2022-11-11,116.1000,116.6400,113.1800,114.2600,1434031
2022-11-10,113.6000,115.7700,111.3800,115.5400,1872303
2022-11-09,111.2500,111.5700,110.5100,110.7700,1252911
2022-11-08,111.3800,112.1500,110.6000,111.2500,1471808
2022-11-07,112.4700,112.7400,109.2750,110.6700,939620
2022-11-04,112.0600,113.0700,110.9300,112.3900,2148923
2022-11-03,110.2400,112.7450,109.1150,111.8600,978348
2022-11-02,112.2300,113.6900,110.8700,111.0200,1854366
2022-11-01,112.6700,113.5300,111.7900,112.5300,1221604
2022-10-31,113.3100,113.3500,111.3350,112.1100,2481298
2022-10-28,109.6400,113.8800,109.3300,113.6400,1584751
2022-10-27,109.7800,112.1150,108.9350,109.2800,2611032
2022-10-26,109.8700,110.0200,108.4600,109.2300,1845050
2022-10-25,107.5400,109.3650,107.2100,109.1300,2279899
2022-10-24,107.9500,108.6700,106.2400,107.5000,2037085
2022-10-21,106.2400,107.8600,105.0700,107.4500,2774847
2022-10-20,108.5300,108.5300,105.3900,105.8900,2015212
2022-10-19,108.4800,109.4650,107.7700,108.6300,1606518
2022-10-18,108.4800,110.1300,108.1900,109.8900,2536425
2022-10-17,105.9100,107.8000,105.8800,107.0000,1947359
2022-10-14,107.5200,108.1900,103.6900,104.5000,2768629
2022-10-13,101.8700,106.8100,100.6400,106.5100,3531035
2022-10-12,106.2200,106.3400,102.9700,103.0100,2153005
2022-10-11,106.1500,107.5200,105.4600,106.3000,2613824
2022-10-10,107.7000,108.4100,106.2800,106.3600,3428418
2022-10-07,110.7100,110.8700,106.6800,107.4900,2693706
2022-10-06,115.4900,115.5900,110.6600,110.7100,1981477
2022-10-05,117.3700,117.3700,114.7800,116.1100,1415434
2022-10-04,116.9500,119.3700,116.1950,118.6300,1209136
2022-10-03,117.3000,118.0000,115.1150,116.9300,2087555
2022-09-30,118.8500,119.3400,115.0400,115.0500,2392399
2022-09-29,122.6100,122.8100,118.0800,118.2200,1259658
2022-09-28,123.1700,123.8900,121.2100,123.1600,986084
2022-09-27,123.5400,123.9600,121.0200,121.7000,1333473
2022-09-26,125.1300,125.3400,121.8100,123.0100,1326799
2022-09-23,125.3400,126.0700,124.0775,125.6600,938943
2022-09-22,126.3400,127.5500,125.8800,126.5800,1279705
2022-09-21,129.4800,130.2600,126.5700,126.5900,1766136
2022-09-20,130.1000,130.2900,127.6900,128.6700,2130431
2022-09-19,129.2700,131.1250,128.9800,130.9000,1187304
2022-09-16,129.2700,130.6000,129.2700,129.9000,2116860
2022-09-15,133.3800,133.3800,130.4800,130.6000,1991919
2022-09-14,133.4200,135.2100,133.1500,134.0500,1042358
2022-09-13,135.1300,135.5100,132.0700,132.9800,1144993
2022-09-12,135.7500,136.6300,135.2100,135.9700,824059
2022-09-09,134.5900,135.7900,134.0000,135.5000,781789
2022-09-08,134.8400,135.7400,134.0900,134.6800,922207
2022-09-07,131.9800,135.3700,131.9800,135.2900,947142
2022-09-06,131.5600,132.8300,131.0000,131.2000,796891
2022-09-02,132.8200,133.9200,130.7300,131.1400,765677
2022-09-01,130.2300,133.0600,129.6900,132.7400,1147062
2022-08-31,131.2700,131.7700,130.1000,130.3400,1007649
2022-08-30,132.8200,133.4900,130.8900,131.4500,581331
2022-08-29,132.8900,134.5300,131.6100,133.5000,813988
2022-08-26,135.0100,135.1900,133.1700,133.2200,750768
2022-08-25,134.4200,134.8300,133.4800,134.7900,581806
2022-08-24,134.2800,134.5300,133.4400,134.2600,662112
2022-08-23,134.6000,134.6000,133.2450,133.8800,693370
2022-08-22,135.6200,136.0500,134.3600,134.6400,827303
2022-08-19,135.7700,136.5400,135.2900,136.1400,1010118
2022-08-18,135.2300,135.9050,135.0500,135.4400,751243
2022-08-17,136.1200,136.4100,134.7000,134.9700,1169066
2022-08-16,135.9400,136.7700,135.6700,136.0900,649669
2022-08-15,134.7900,136.2600,134.1900,136.0600,709124
2022-08-12,133.9700,135.0200,133.8700,134.9100,1080338
2022-08-11,132.5000,134.0200,132.1200,133.3300,1765844
2022-08-10,132.9000,133.3550,131.3400,132.2600,928814
2022-08-09,130.3100,132.8450,129.9100,132.5500,997275
2022-08-08,130.1100,130.7400,129.1300,129.7500,543066
2022-08-05,129.1800,129.2100,127.3200,129.1000,731710
2022-08-04,130.5300,131.3530,128.8800,129.0000,788113
2022-08-03,129.5200,130.8200,127.0300,130.4200,997531
2022-08-02,131.0800,131.5100,129.7800,129.9000,785531
2022-08-01,129.9200,130.5400,128.5800,130.4200,1170898
2022-07-29,129.3500,131.0000,129.3500,130.3000,754715
2022-07-28,126.9900,129.6800,125.3300,129.2100,1275584
2022-07-27,125.7200,126.9300,125.1000,126.6400,706822
2022-07-26,124.7200,126.8000,124.7100,126.2500,551002
2022-07-25,123.7600,125.0600,123.3100,124.9100,597881
2022-07-22,122.3600,123.7900,122.0000,123.7500,657987
2022-07-21,121.0500,121.5662,120.1700,121.5200,1048641
2022-07-20,124.0700,124.0700,121.1700,121.4600,1226579
2022-07-19,124.3100,124.9250,123.6800,124.0900,548159
2022-07-18,124.8500,125.0200,123.4700,123.6700,611406
2022-07-15,125.5900,125.6100,123.3600,125.1800,869524
2022-07-14,122.4600,124.7100,122.4500,124.5100,791886
2022-07-13,124.3800,125.7800,123.8000,124.5100,663896
2022-07-12,125.3400,127.2700,124.8700,125.2100,799018
2022-07-11,123.8100,126.0000,123.7200,126.0000,631961
2022-07-08,125.4200,125.5300,124.2550,124.8500,582055
2022-07-07,126.4600,127.0700,124.8750,125.3400,907000
2022-07-06,124.7700,126.6800,123.9900,126.1600,915825
2022-07-05,128.7000,128.7000,122.5000,124.1900,827819
2022-07-01,127.3200,129.3650,126.4700,129.1600,1005674
2022-06-30,125.4300,127.2800,125.0600,126.7500,1222167
2022-06-29,125.5700,126.4000,125.1800,126.0500,799122
2022-06-28,125.1100,126.1800,124.6000,125.2300,852562
2022-06-27,122.5600,124.6400,122.3000,124.3500,712587
2022-06-24,120.6300,123.4710,120.6300,122.9100,1057908
2022-06-23,118.4400,120.4100,118.2100,120.3700,1135575
2022-06-22,116.2100,118.4600,116.2100,117.9000,1077575
2022-06-21,116.0400,117.7700,115.7600,117.1400,1129535
2022-06-17,117.4800,117.4918,114.2500,115.7200,2224723
2022-06-16,116.8700,116.8900,114.9500,116.6100,1534153
2022-06-15,119.9800,120.8500,117.9200,119.2100,1258701
2022-06-14,122.1700,122.5400,117.3800,119.1100,1342703
2022-06-13,125.9900,126.4600,121.4900,122.0100,916447
2022-06-10,127.0900,128.6900,126.5300,127.5000,725832
2022-06-09,131.4000,131.9300,128.3700,128.4400,744566
2022-06-08,133.3400,133.4700,131.3000,131.4000,653315
2022-06-07,132.2100,134.2800,131.7400,134.0500,891325
2022-06-06,132.3200,133.3290,131.7454,132.5700,604399
2022-06-03,132.5400,133.0000,131.8151,132.0900,421051
2022-06-02,132.8200,133.0050,130.5800,132.7900,553295
2022-06-01,133.0100,133.3200,131.4000,132.5600,904242
2022-05-31,133.0600,133.7600,131.8000,132.7100,1166611
2022-05-27,132.7600,134.3400,132.5700,134.3000,932176
2022-05-26,133.8300,134.8100,133.0300,133.1900,701414
2022-05-25,134.3200,134.7000,132.3250,133.0200,1282131
2022-05-24,131.0600,134.6000,130.7700,134.1400,1075225
2022-05-23,131.2700,131.2700,128.9650,130.7900,1438498
2022-05-20,129.3500,129.3900,127.0800,128.7200,1698032
2022-05-19,127.8900,129.3700,126.8000,128.8200,1566337
2022-05-18,130.6800,130.6800,128.0000,128.3100,2063856
2022-05-17,131.1000,131.1000,128.6250,129.6100,1895077
2022-05-16,130.2100,130.8800,129.2300,130.3700,871905
2022-05-13,129.4700,130.2400,127.9100,129.8100,764066
2022-05-12,130.0000,130.6300,127.6300,128.7100,873712
2022-05-11,128.6400,131.7700,128.5800,130.1100,925707
2022-05-10,129.8600,131.6300,127.5000,128.4100,917200
2022-05-09,129.1800,130.8500,127.8201,129.5200,849292
2022-05-06,128.2200,130.0000,127.9800,129.6800,1204386
2022-05-05,130.5000,131.4100,127.7800,128.8300,1516031
2022-05-04,130.4900,131.0600,129.4950,130.7600,1385801
2022-05-03,129.3300,131.6800,128.9400,129.6100,1377969
2022-05-02,132.1800,133.1400,127.2500,128.7400,1238229
2022-04-29,134.8000,135.1700,130.8700,131.0400,1342971
2022-04-28,134.0000,136.4200,133.5000,135.5200,989083
2022-04-27,135.1200,136.0000,133.5800,134.3700,764439
2022-04-26,135.0400,137.1600,134.4300,134.5200,698651
2022-04-25,137.1600,137.3400,134.2300,135.7000,889473
2022-04-22,138.0400,138.2900,136.7200,136.8100,664183
2022-04-21,139.0300,140.2300,138.0700,138.2800,1017394
2022-04-20,138.7000,139.7800,138.4300,139.1200,785158
2022-04-19,137.5300,138.0000,136.4851,137.7700,547964
2022-04-18,137.3700,138.0300,136.3000,137.1700,648648
2022-04-14,136.4900,138.0200,136.4900,137.1700,817180
2022-04-13,138.0000,138.1800,135.4500,136.6300,1073938
2022-04-12,136.6200,138.3500,135.5800,137.8500,924462
2022-04-11,137.6900,138.5100,136.0900,136.8600,912176
2022-04-08,136.9200,137.7700,135.4825,137.3500,1007286
2022-04-07,137.4000,137.7800,135.3750,136.3300,1319353
2022-04-06,134.7500,137.9900,134.5300,137.6100,1543268
2022-04-05,133.8600,136.1300,133.8300,134.2900,867282
2022-04-04,134.1500,134.1500,131.9000,133.6300,713577
2022-04-01,132.1000,134.9700,131.5650,134.9400,901234
2022-03-31,132.2300,134.3150,131.9600,132.2100,1149088
2022-03-30,130.8000,132.7300,130.2300,132.5600,1096364
2022-03-29,130.0000,130.9000,129.3400,130.5900,899764
2022-03-28,129.7500,129.9400,128.4290,129.7000,822979
2022-03-25,128.0900,129.8500,127.7300,129.8500,508403
2022-03-24,127.1800,128.2600,126.9400,127.7900,736236
2022-03-23,125.7100,127.5113,125.1300,126.9600,1052574
2022-03-22,127.2900,127.3400,125.4900,125.7100,1586341
2022-03-21,125.9000,128.1000,125.9000,127.1000,1393624
2022-03-18,127.2100,127.6000,125.6950,126.0700,2188846
2022-03-17,128.1400,128.6124,127.0000,127.7800,1227107
2022-03-16,127.4900,128.1500,125.2900,127.7900,1403725
2022-03-15,128.0400,128.5200,126.3500,127.7600,1200161
2022-03-14,127.7900,128.6700,125.8750,126.5200,916220
2022-03-11,126.7000,128.1100,126.4100,126.9700,1302674
2022-03-10,124.5100,127.6400,124.1700,127.3000,1283758
2022-03-09,126.9500,127.3550,124.4100,125.0300,1368999
2022-03-08,127.6100,128.2400,126.1300,126.1700,1039369
2022-03-07,127.8500,128.2900,126.1200,127.1100,1212264
2022-03-04,124.3600,128.0400,124.3600,127.8800,860611
2022-03-03,122.5100,126.0500,122.5100,125.2100,1161936
2022-03-02,119.9100,122.7700,119.6200,122.3700,976978
2022-03-01,121.3800,122.5000,119.1800,120.0000,1438778
2022-02-28,120.5100,122.2450,120.0675,121.5900,1642836
2022-02-25,119.3100,121.9900,119.0500,121.9500,1390446
2022-02-24,116.5200,118.2000,114.9050,117.7400,1850068
2022-02-23,118.3800,118.9900,117.0600,117.2600,988998
2022-02-22,119.7200,120.0950,117.8400,118.3300,960789
2022-02-18,117.9900,120.1350,117.9900,119.3500,1840338
2022-02-17,116.0800,119.1300,115.6815,118.5500,1820977
2022-02-16,116.2500,117.1100,115.0800,116.4900,1581432
2022-02-15,118.4000,118.9800,115.8400,116.3100,1597034
2022-02-14,116.7800,117.7200,115.6200,116.0500,1640087
2022-02-11,116.4500,118.0000,115.9900,116.1600,821251
2022-02-10,118.9600,119.9600,115.5650,115.8800,1847826
2022-02-09,120.6200,121.1900,120.0900,120.5200,871415
2022-02-08,120.4100,120.7050,119.4500,119.9300,617281
2022-02-07,119.9900,119.9900,118.4500,119.6000,976938
2022-02-04,119.4200,120.5100,118.9150,120.0000,949034
2022-02-03,120.3200,121.3900,119.5700,120.0600,871793
2022-02-02,118.1100,120.7400,117.8100,120.2300,1004900
2022-02-01,119.6100,120.2400,117.1900,118.4800,986428
2022-01-31,119.3800,120.5400,119.2200,120.4300,1117385
2022-01-28,119.4100,120.2600,118.6100,120.2400,879476
2022-01-27,119.0100,120.9300,118.7900,119.8100,1373390
2022-01-26,117.5200,119.2750,117.0300,118.1800,1400706
2022-01-25,115.4600,118.4600,115.4600,117.6300,1450108
2022-01-24,118.0000,118.8600,113.8200,116.8800,1227131
2022-01-21,118.9500,120.0900,118.3100,118.4600,746502
2022-01-20,118.9800,120.2300,118.0900,118.3600,714335
2022-01-19,118.5600,119.5900,117.8850,118.6700,543575
2022-01-18,118.6400,119.1350,117.1400,118.3800,868164
2022-01-14,119.6700,119.7350,118.2000,119.3800,690334
2022-01-13,119.5500,121.0000,119.1400,119.8300,607956
2022-01-12,118.6100,119.4550,117.6650,119.2100,1246725
2022-01-11,120.4500,120.5000,117.8900,118.7800,820513
2022-01-10,119.9400,120.2000,118.3350,120.1500,941639
2022-01-07,118.7400,120.5500,117.7300,119.6900,1023085
2022-01-06,120.3500,120.7500,119.0400,119.5700,874669
2022-01-05,119.3800,120.6300,119.2200,119.2500,695017
2022-01-04,119.5200,120.8300,119.2900,119.3800,762016
2022-01-03,119.7500,119.7500,117.7700,119.1800,713641
2021-12-31,119.4700,120.1200,118.6300,119.5400,560854
2021-12-30,119.7300,119.7300,118.7900,119.3200,387441
2021-12-29,118.7000,119.5371,118.3100,119.3800,452042
2021-12-28,118.1900,118.8000,117.7700,118.7300,500544
2021-12-27,117.3200,117.9200,116.5000,117.8500,415521
2021-12-23,116.6000,117.7700,116.3300,116.8200,643775
2021-12-22,116.1900,117.3000,116.1100,116.7000,420334
2021-12-21,117.6600,118.3380,116.0000,116.4800,992678
2021-12-20,115.8000,117.2800,114.4800,117.1300,885439
2021-12-17,119.0300,119.7800,116.3400,116.6000,1796657
2021-12-16,119.8400,120.8300,119.6156,120.3300,995393
2021-12-15,117.6300,119.7400,117.6200,119.6000,1506364
2021-12-14,117.8000,118.0000,116.8700,117.4600,987063
2021-12-13,115.9300,117.7800,115.5800,117.1700,905864
2021-12-10,115.8200,116.5200,115.2800,116.2200,559542
2021-12-09,114.5600,116.0600,113.9900,115.2300,627103
2021-12-08,115.0100,116.1700,114.4100,114.5200,664179
2021-12-07,113.9300,116.0300,113.8900,115.0100,1289746
2021-12-06,112.9700,115.0900,112.7200,114.1900,1011488
2021-12-03,110.6300,111.9100,109.7900,111.8900,2037809
2021-12-02,109.5500,110.9800,109.4500,110.0000,1472614
2021-12-01,110.4400,111.7200,109.0900,109.1500,1503154
2021-11-30,110.6300,110.9800,108.2200,108.3400,1726190
2021-11-29,111.3300,111.9000,110.5400,111.4900,1401020
2021-11-26,111.0800,111.3500,110.1500,110.6600,784157
2021-11-24,112.1900,112.8500,111.6000,112.1800,945181
2021-11-23,113.2300,113.4190,112.1600,112.2500,1140810
2021-11-22,111.1500,113.5400,110.7550,112.9400,1718105
2021-11-19,111.5000,111.5000,110.1750,111.1800,1661559
2021-11-18,112.7300,112.9700,111.0300,111.3800,1278108
2021-11-17,112.6500,113.1300,111.9400,112.7500,1267346
2021-11-16,113.2500,113.8000,112.7200,112.7900,1271428
2021-11-15,112.6200,113.3500,111.9040,113.2000,1619450
2021-11-12,112.4600,112.4600,111.6900,111.9600,469090
2021-11-11,112.9900,113.1900,111.6840,112.4900,754790
2021-11-10,112.5000,113.5500,112.3100,113.1700,1034711
2021-11-09,112.2800,113.0000,111.8500,112.5000,711773
2021-11-08,114.2800,114.3700,112.0300,112.3300,735186
2021-11-05,114.0900,114.8350,113.5000,114.1300,523360
2021-11-04,113.3200,113.5900,112.5850,113.4000,728348
2021-11-03,112.6200,114.0100,112.2100,113.2600,891490
2021-11-02,113.2200,113.4100,111.7600,113.0800,626007
2021-11-01,113.4600,113.5500,112.2200,112.9700,741405
2021-10-29,114.1000,114.8099,112.6357,113.3500,762051
2021-10-28,113.9500,114.6600,113.7250,114.4100,549196
2021-10-27,115.1900,116.0900,113.8200,113.8200,1186076
2021-10-26,115.7200,117.2900,115.6100,116.3700,769879
2021-10-25,115.8400,116.7812,115.1550,115.6500,1026452
2021-10-22,115.8100,116.6600,115.6600,116.0000,944106
2021-10-21,115.5400,115.8100,115.1100,115.4000,788649
2021-10-20,114.5400,116.1700,114.4900,115.4700,856039
2021-10-19,114.4500,114.8800,113.7600,114.4700,561060
2021-10-18,114.2200,114.6600,113.5650,113.7100,559580
2021-10-15,115.2200,115.6400,114.6800,115.0400,869853
2021-10-14,114.2500,115.0900,113.9300,115.0600,698358
2021-10-13,112.9100,114.1700,112.0900,113.9700,738583
2021-10-12,112.1500,113.0800,111.8500,112.8000,814187
2021-10-11,114.2000,114.2000,111.5700,112.1500,753388
2021-10-08,114.9400,115.3000,113.9660,114.1300,657411
2021-10-07,115.6100,116.6600,114.7000,115.0600,1117997
2021-10-06,113.3000,115.3900,112.4200,115.2800,848079
2021-10-05,113.4500,114.6000,112.5100,113.7900,1076319
2021-10-04,111.2700,113.4900,111.2600,113.0100,1011145
2021-10-01,112.7400,112.8300,111.4600,111.6700,718025
2021-09-30,113.5900,113.6499,111.6600,111.7100,1602845
2021-09-29,111.5800,113.7100,111.3600,113.1300,958310
2021-09-28,112.3700,112.7000,110.5500,111.4300,1012122
2021-09-27,113.9700,114.9600,112.3400,112.6000,681567
2021-09-24,113.6000,114.2700,113.2000,113.7100,763330
2021-09-23,114.6500,114.9600,113.5500,113.7500,542266
2021-09-22,113.9000,114.5400,112.9800,113.9500,776219
2021-09-21,114.7500,114.7500,112.6700,113.3800,1661520
2021-09-20,112.5400,114.5200,112.4900,113.9300,1742482
2021-09-17,117.8500,118.4500,113.9500,114.0000,3477074
2021-09-16,117.1000,118.4600,116.4100,117.5600,1692586
2021-09-15,117.2200,117.7200,116.5200,116.8800,1175530
2021-09-14,118.4600,118.6900,117.2000,117.4200,775164
2021-09-13,119.8400,119.8400,117.8900,118.0500,828045
2021-09-10,120.5700,120.6500,118.7300,118.7700,654813
2021-09-09,121.4600,121.4900,120.5300,120.5700,775787
2021-09-08,119.1800,121.7900,118.7500,121.3300,1418988
2021-09-07,120.0900,120.1300,118.8000,119.2800,898283
2021-09-03,121.7700,122.0900,120.7200,120.7500,630639
2021-09-02,121.6000,122.1400,121.1400,122.1300,954586
2021-09-01,119.3500,121.6450,119.1460,121.3700,900069
2021-08-31,120.4000,120.9000,119.5000,120.3400,894931
2021-08-30,120.6500,121.1100,120.1000,120.4000,790133
2021-08-27,120.7700,121.3900,120.4500,120.6500,519021
2021-08-26,120.7800,120.8700,120.0300,120.4900,528319
2021-08-25,120.3300,121.1200,119.9300,120.7800,746044
2021-08-24,121.3000,121.3000,119.4500,120.4900,664511
2021-08-23,121.8700,121.8825,120.8500,121.1500,915698
2021-08-20,119.9300,121.8500,119.1100,121.4800,1302602
2021-08-19,120.1500,121.2900,119.8700,120.1700,937074
2021-08-18,120.2900,120.4500,119.4150,120.1400,812160
2021-08-17,119.6400,120.3900,118.9400,120.3100,771259
2021-08-16,120.6200,121.7000,119.9400,120.0000,866195
2021-08-13,120.1600,120.7300,119.9050,120.3000,851266
2021-08-12,120.5400,120.8100,119.8550,119.9500,491700
2021-08-11,120.1700,121.0700,120.0000,120.1800,992722
2021-08-10,119.9100,120.8200,119.3700,120.0000,806192
2021-08-09,119.3200,120.0700,119.1300,119.9000,802623
2021-08-06,119.5100,120.6350,118.7700,119.5800,733178
2021-08-05,118.3600,119.3700,117.9200,119.3300,656432
2021-08-04,117.6000,117.9300,116.4000,117.7900,728418
2021-08-03,117.7800,118.4000,117.2100,118.1300,787806
2021-08-02,117.8200,118.6900,117.2800,117.6000,924425
2021-07-30,117.9100,118.6600,116.9500,117.3200,643007
2021-07-29,118.0600,118.8900,117.4300,118.1300,982472
2021-07-28,118.5700,118.7200,115.9600,117.6900,977131
2021-07-27,116.1000,119.2700,115.4550,118.7000,1724704
2021-07-26,116.1000,116.4400,114.7500,115.8800,1226624
2021-07-23,114.9700,116.6000,114.6400,116.3600,1134159
2021-07-22,115.0300,115.5200,114.8100,114.8800,680766
2021-07-21,116.5700,117.1950,115.0000,115.0400,993345
2021-07-20,114.1500,116.3700,114.0300,116.1200,1137784
2021-07-19,116.5500,117.1750,112.5100,113.9000,1376424
2021-07-16,115.8100,117.3600,115.6100,117.0500,929286
2021-07-15,114.7700,116.1400,114.7700,115.7900,1943341
2021-07-14,115.0000,115.8000,114.5600,114.9000,1363839
2021-07-13,116.2100,116.4200,114.7075,114.9000,834448
2021-07-12,115.2200,116.1600,114.8400,116.0000,1147717
2021-07-09,114.6700,115.6800,114.0800,115.6000,1127498
2021-07-08,113.4000,114.8400,113.0000,114.2300,1720819
2021-07-07,111.9000,114.0100,111.7450,113.9600,1875125
2021-07-06,112.7000,113.1800,111.2300,112.3000,2023915
2021-07-02,111.6500,111.9900,110.6400,111.7400,1480977
2021-07-01,111.3000,112.1800,110.5600,111.8800,2696180
2021-06-30,129.4900,130.1200,128.8600,129.6000,1309157
2021-06-29,130.4400,130.9900,129.1200,129.4900,1329054
2021-06-28,131.5500,131.9900,130.5400,131.0000,1120863
2021-06-25,130.0000,131.3200,129.5700,131.2700,1065079
2021-06-24,130.5600,130.8600,129.3350,130.2300,828056
2021-06-23,131.7500,131.7500,130.2900,130.5600,1016166
2021-06-22,132.9100,132.9500,131.6100,131.7500,776411
2021-06-21,132.0100,133.2700,131.4300,132.9100,962382
2021-06-18,132.2500,133.9700,131.7400,131.8400,1651780
2021-06-17,135.2600,136.0700,134.2800,134.5100,967105
2021-06-16,138.0200,138.2500,135.0100,135.5700,1547628
2021-06-15,138.3700,138.6200,136.8901,137.6300,1206255
2021-06-14,138.8700,139.0800,137.5250,138.3800,838542
2021-06-11,138.0000,138.6800,136.6000,138.6300,833418
2021-06-10,139.5700,139.5700,138.0700,138.1600,1152669
2021-06-09,137.5800,139.9150,137.1500,138.9900,1307503
2021-06-08,138.0300,138.1300,136.5300,137.4800,963365
2021-06-07,137.5900,138.4900,137.4400,137.8500,710692
2021-06-04,138.1800,138.4500,137.3100,137.3400,836469
2021-06-03,137.0400,138.2300,136.5500,137.6600,875152
2021-06-02,138.7200,138.7200,137.1700,137.4400,730607
2021-06-01,138.6800,138.8000,137.1400,138.0700,626118
2021-05-28,138.5800,138.9300,137.7700,137.9900,744033
2021-05-27,138.4200,138.6100,137.5900,137.9400,1399729
2021-05-26,138.9200,139.5900,137.8200,137.8300,1345218
2021-05-25,141.4900,141.9000,138.7300,138.7700,1078917
2021-05-24,141.4500,142.8850,141.3300,142.1700,859828
2021-05-21,140.4200,141.7200,139.1100,140.6700,1985508
2021-05-20,139.2500,141.1700,138.8800,140.3600,904109
2021-05-19,137.4400,138.9800,136.1600,138.8000,1352152
2021-05-18,140.7150,141.0000,137.6100,137.8400,1536145
2021-05-17,141.7300,142.5900,140.5400,140.7700,479885
2021-05-14,140.6000,142.7100,140.6000,141.1200,714714
2021-05-13,138.7400,141.4239,138.5000,140.2600,908472
2021-05-12,142.4500,142.8310,138.4800,138.6000,837115
2021-05-11,144.3500,144.6200,140.9400,142.2300,675888
2021-05-10,142.4100,145.4300,142.4100,144.1500,929949
2021-05-07,140.5900,142.8300,140.5900,141.6900,654153
2021-05-06,139.6700,141.5500,139.2250,141.3000,743542
2021-05-05,141.0100,141.0100,137.4800,138.8800,711800
2021-05-04,140.3200,141.2500,139.4300,140.6300,836614
2021-05-03,139.2800,141.9500,139.1000,140.4400,1266125
2021-04-30,139.8900,140.1700,139.0700,140.0200,711453
2021-04-29,137.2400,139.5700,137.0850,139.5600,915102
2021-04-28,135.6400,136.8400,135.0800,136.5800,643075
2021-04-27,136.6200,139.2600,136.2250,136.2500,889419
2021-04-26,138.0700,138.0700,136.5500,137.5300,705086
2021-04-23,137.8900,138.7800,137.3500,137.8300,1142959
2021-04-22,140.1000,140.2750,138.0000,138.1600,1107490
2021-04-21,141.5300,141.8400,139.9000,140.1400,905114
2021-04-20,140.5100,141.9800,140.3000,141.6700,876282
2021-04-19,139.7500,140.3500,138.9200,139.7000,969591
2021-04-16,140.2100,141.4900,139.8750,140.6800,779362
2021-04-15,138.1500,139.5600,138.1500,139.4800,1056888
2021-04-14,137.9500,138.8300,137.0800,138.7200,861724
2021-04-13,135.0300,137.9700,134.8300,137.6300,626048
2021-04-12,136.0700,137.1400,135.4200,135.6300,556884
2021-04-09,135.2300,135.9500,135.0000,135.4600,612202
2021-04-08,136.1500,136.1500,134.8500,134.9500,611336
2021-04-07,135.4100,136.0900,134.6700,135.7000,789974
2021-04-06,134.0400,135.4500,133.1100,135.1300,436914
2021-04-05,133.3000,135.4900,133.1600,134.4200,702233
2021-04-01,132.8400,133.0683,131.6200,133.0300,736959
2021-03-31,133.4000,133.5300,132.2450,133.1400,1375498
2021-03-30,133.3700,134.0000,132.0400,133.5300,471290
2021-03-29,132.9500,135.1100,132.8500,134.0200,667024
2021-03-26,132.7300,133.9200,132.0700,133.2400,587161
2021-03-25,131.1200,133.5400,130.5100,132.7000,946666
2021-03-24,128.2900,131.1800,128.1600,130.5300,1143453
2021-03-23,127.5400,129.4350,127.2400,128.7800,742438
2021-03-22,128.9300,129.3050,126.5400,127.6600,896312
2021-03-19,130.1800,131.4000,128.7000,129.9300,2171622
2021-03-18,129.6400,130.4900,128.4800,129.9900,716619
2021-03-17,130.2500,130.8200,129.1900,129.5300,956736
2021-03-16,129.9000,131.0000,129.1678,129.8900,843162
2021-03-15,127.3600,131.0300,127.3600,131.0000,1184141
2021-03-12,125.6800,127.5000,125.2200,127.3600,645020
2021-03-11,125.6000,127.2762,125.2951,125.9000,732082
2021-03-10,124.2200,126.6850,124.1700,126.2300,553693
2021-03-09,124.7400,125.7450,124.1900,124.6300,683192
2021-03-08,122.8000,125.1900,121.6700,124.7400,1035486
2021-03-05,120.6100,123.8100,120.4543,123.1600,871217
2021-03-04,118.2400,121.7000,117.5350,120.0700,1481098
2021-03-03,117.5200,118.3000,115.6800,117.8000,690906
2021-03-02,119.3100,119.4900,117.8100,117.9700,870613
2021-03-01,118.4300,119.8040,118.4300,119.1000,986918
2021-02-26,121.4500,121.4500,117.6700,117.7200,1704722
2021-02-25,123.1400,124.1700,120.9100,121.2400,676388
2021-02-24,125.6500,126.7500,123.8300,123.9000,1524995
2021-02-23,122.8400,126.6500,122.8100,125.6200,2170277
2021-02-22,119.9700,122.3300,119.4800,122.1500,1269334
2021-02-19,120.7700,121.8850,120.1800,120.1800,1446846
2021-02-18,120.6000,120.7900,119.8500,120.0000,1336427
2021-02-17,121.1200,121.1200,119.4500,120.1500,1164056
2021-02-16,120.8300,121.2500,119.8600,120.6000,944269
2021-02-12,121.7600,122.1900,120.5200,120.9400,743610
2021-02-11,121.7500,122.6350,121.6000,121.9900,992624
2021-02-10,122.1400,122.6800,121.1800,122.1600,479200
2021-02-09,121.0700,121.5100,120.4100,121.3300,451307
2021-02-08,121.9300,122.4000,120.1700,121.0000,826454
2021-02-05,120.7000,122.5700,119.8450,121.7200,1056744
2021-02-04,118.4200,120.0500,118.2100,119.7000,830811
2021-02-03,119.3100,119.7800,117.9100,118.4200,767004
2021-02-02,120.0800,121.8550,119.5300,119.7200,581786
2021-02-01,118.8600,120.2200,117.7900,119.5600,701280
2021-01-29,120.5600,121.0300,118.2500,118.7200,984199
2021-01-28,120.8400,123.0400,120.7200,121.1000,669934
2021-01-27,121.3400,122.8150,120.4100,120.7100,1287761
2021-01-26,123.7900,123.9000,122.2500,122.7900,976442
2021-01-25,120.7700,124.2200,120.7700,123.4500,674231
2021-01-22,121.9200,122.2500,119.8200,121.9100,964284
2021-01-21,122.0200,122.8500,121.5500,122.5300,795947
2021-01-20,120.3300,122.4400,120.1200,122.2500,1027314
2021-01-19,124.5800,124.5800,120.6700,120.8800,865476
2021-01-15,122.1800,123.8500,121.2500,123.5200,1670217
2021-01-14,121.8900,122.7450,121.2750,121.7000,944039
2021-01-13,119.3800,122.0900,118.9900,121.8300,1018328
2021-01-12,117.3000,119.8600,115.9848,119.2600,1236300
2021-01-11,118.0100,118.9300,117.0900,117.9800,726495
2021-01-08,118.7800,119.2400,117.0700,118.1900,860924
2021-01-07,121.9100,122.1450,118.6400,118.7600,1079648
2021-01-06,121.0200,122.2000,120.3000,121.7200,640496
2021-01-05,119.8300,120.4600,118.3350,119.5800,816169
2021-01-04,121.7100,121.9200,118.9100,119.3900,839810
2020-12-31,119.7300,121.5250,119.2200,121.4100,553433
2020-12-30,118.7300,120.0500,118.7300,119.6600,442273
2020-12-29,119.5800,120.2800,118.9300,119.2400,527293
2020-12-28,120.6500,120.9100,118.8000,119.2300,539512
2020-12-24,118.5900,119.9300,118.1100,119.7200,353245
2020-12-23,119.8700,121.0000,118.5400,118.5800,710623
2020-12-22,118.2800,119.1800,117.7000,118.9200,925605
2020-12-21,120.2900,120.7000,116.8600,118.3400,1319380
2020-12-18,123.5200,123.7500,120.7400,121.7000,2555558
2020-12-17,124.3700,124.9900,123.3350,123.5500,876353
2020-12-16,125.2600,125.3900,123.2800,123.5500,1037956
2020-12-15,123.6200,125.0800,123.0000,124.8000,1057688
2020-12-14,125.9300,126.7900,123.2200,123.5200,961370
2020-12-11,123.5100,125.3800,123.5100,125.0700,1113746
2020-12-10,124.9100,125.3300,123.3300,124.2200,856885
2020-12-09,124.7500,125.4900,124.3800,124.9800,800568
2020-12-08,124.2300,124.9100,123.1300,124.6300,749810
2020-12-07,125.3200,126.5900,124.5100,124.8500,835176
2020-12-04,126.6100,127.5500,125.0600,125.9300,671377
2020-12-03,127.9600,128.6300,126.2200,126.8300,1137606
2020-12-02,125.8100,128.8500,124.2500,128.7500,1619227
2020-12-01,127.0000,128.1900,126.1900,126.2400,1131799
2020-11-30,128.6000,129.1400,125.4300,125.8100,2370473
2020-11-27,132.3600,132.4450,128.2750,128.5300,526913
2020-11-25,131.4200,132.3400,129.9200,132.2400,1389333
2020-11-24,131.6400,131.9200,130.8550,131.7100,1418904
2020-11-23,130.2200,130.9800,129.8600,130.4100,1279385
2020-11-20,130.1600,130.6700,129.3400,129.8600,1759928
2020-11-19,130.5000,131.0600,128.2000,129.6600,2108639
2020-11-18,133.3300,133.3300,130.1400,130.2000,1128369
2020-11-17,133.9100,135.6000,132.7700,132.8400,1331895
2020-11-16,133.0000,135.2800,132.7050,135.2000,1950098
2020-11-13,129.0900,131.4600,128.9000,130.7000,1188241
2020-11-12,129.7900,129.7900,125.9400,128.5000,1741777
2020-11-11,132.6000,132.6000,129.6300,130.0600,1511299
2020-11-10,129.1500,132.6200,128.9500,132.0000,1101534
2020-11-09,128.1900,131.5000,127.9600,128.8100,1230505
2020-11-06,125.2300,125.4600,122.8200,123.8600,1238816
2020-11-05,126.2500,128.5300,125.0400,125.1300,720583
2020-11-04,126.0700,129.0700,124.5450,125.1700,929644
2020-11-03,127.4200,128.1300,125.4800,126.4600,784217
2020-11-02,124.8700,126.0000,123.1800,125.7000,897505
2020-10-30,122.7500,123.5300,120.9128,123.4200,1100519
2020-10-29,121.6600,125.3500,120.1600,123.4700,906036
2020-10-28,124.1400,126.4050,121.9100,122.1500,1876529
2020-10-27,125.5600,130.8900,125.0500,127.1700,2352209
2020-10-26,123.8700,125.2200,122.8700,124.2400,1196041
2020-10-23,124.4600,125.6050,123.7500,125.1500,962554
2020-10-22,120.9900,123.2384,120.4100,123.0300,690912
2020-10-21,121.0300,123.2500,120.7300,121.4600,1067064
2020-10-20,119.6400,122.2900,119.6400,121.3400,1082212
2020-10-19,119.1100,119.7900,117.7400,118.1700,1603556
2020-10-16,118.0400,120.1200,117.6600,119.3000,1678639
2020-10-15,117.8900,118.7800,117.5000,117.9400,1464523
2020-10-14,119.6800,120.4400,117.9500,119.4000,929848
2020-10-13,119.8500,120.7000,118.2500,119.0700,1021970
2020-10-12,120.2200,121.0600,119.5900,120.7800,612560
2020-10-09,122.4400,122.5300,119.5700,120.2900,846439
2020-10-08,118.9900,122.9300,118.6700,121.8700,2758665
2020-10-07,116.1000,116.6400,113.8600,114.5100,1523812
2020-10-06,114.8900,117.6250,114.4500,115.4000,1022367
2020-10-05,114.4800,115.2500,113.4900,114.5100,888138
2020-10-02,112.4500,114.8600,111.5390,114.1600,1997710
2020-10-01,114.8400,115.6200,112.5400,113.4400,1242713
2020-09-30,115.0800,116.1900,114.2900,115.0400,836306
2020-09-29,115.0900,115.6600,113.7000,114.4000,839318
2020-09-28,115.5600,115.7900,114.3600,114.8100,875125
2020-09-25,112.0500,114.9600,111.7900,114.7200,716363
2020-09-24,111.9700,114.6660,110.6700,112.9900,672547
2020-09-23,112.4300,112.6600,111.5100,111.9000,1162128
2020-09-22,111.4800,112.9300,111.2400,112.0100,873070
2020-09-21,110.4600,112.0400,109.6500,111.3000,1033190
2020-09-18,114.8200,115.6500,111.7900,112.0300,2000059
2020-09-17,118.6500,118.8650,115.8500,116.8600,1245797
2020-09-16,118.6100,120.8185,118.0000,119.0400,2717609
2020-09-15,120.6100,121.4500,117.7800,118.5600,1422903
2020-09-14,119.0000,121.2600,118.6800,120.3800,621009
2020-09-11,118.1900,118.8200,117.3500,118.4400,616169
2020-09-10,119.2600,119.9250,117.8000,117.9200,718740
2020-09-09,119.1000,121.4250,118.6200,119.7100,713542
2020-09-08,119.2200,119.7400,116.6900,118.0800,1101163
2020-09-04,119.5900,120.0800,117.3100,118.8100,802465
2020-09-03,121.0100,121.9000,118.1200,119.1200,952975
2020-09-02,117.7900,121.0600,117.3000,120.4600,1071491
2020-09-01,118.0500,118.6000,116.9400,117.7900,905025
2020-08-31,118.0000,119.0800,117.8350,118.6700,1004371
2020-08-28,117.4100,118.2250,116.4200,117.8600,555276
2020-08-27,116.6400,117.8200,116.2700,117.0200,845657
2020-08-26,116.3300,116.9150,115.1900,115.7400,912677
2020-08-25,118.2500,118.2500,116.3300,117.0000,563979
2020-08-24,116.1200,118.1450,115.5800,117.9700,719666
2020-08-21,115.9100,116.1100,114.8200,115.8300,1179739
2020-08-20,116.3400,116.8193,115.1800,115.4600,777909
2020-08-19,117.2500,117.4200,115.8700,117.0200,719127
2020-08-18,117.0000,117.6750,116.1200,116.5300,815299
2020-08-17,117.7100,118.3600,116.7500,117.0400,1112900
2020-08-14,118.1400,119.0600,116.8450,117.7100,462550
2020-08-13,118.0700,118.9450,117.3500,118.1600,552529
2020-08-12,118.2200,119.4900,117.7550,118.8100,615243
2020-08-11,120.9400,121.4700,117.2700,117.3900,749835
2020-08-10,119.4000,121.0600,119.0500,120.2300,888081
2020-08-07,115.9000,119.4700,115.9000,118.8600,1101761
2020-08-06,115.3600,117.4100,114.8400,116.9400,834294
2020-08-05,116.1800,116.4800,115.2100,115.5000,1146774
2020-08-04,113.6800,116.0700,113.3200,115.6400,1023756
2020-08-03,115.3100,115.8200,113.6776,113.8700,821515
2020-07-31,114.4800,115.8800,113.6000,115.6300,1032299
2020-07-30,114.0100,114.9900,113.4000,114.7000,923988
2020-07-29,114.9700,115.4550,113.4600,115.2200,1107432
2020-07-28,112.1400,116.4800,111.0100,114.6300,1763871
2020-07-27,114.3700,114.9400,113.2750,114.0100,1033508
2020-07-24,115.4000,116.0200,114.2650,114.5700,1520512
2020-07-23,114.2100,115.0650,113.8500,114.9500,1329362
2020-07-22,110.7700,115.1800,109.9200,114.4500,1086673
2020-07-21,108.5400,111.3400,108.5400,111.1100,1613365
2020-07-20,111.1800,111.1800,108.8200,109.2100,1038127
2020-07-17,110.0800,112.3400,110.0800,111.5100,1187450
2020-07-16,108.9900,110.0000,108.7200,109.7000,1554452
2020-07-15,110.2200,111.2500,109.0100,109.2000,1208596
2020-07-14,108.6300,109.6400,107.6100,108.7800,919484
2020-07-13,107.5100,109.0500,107.0400,108.5100,1134293
2020-07-10,106.3000,107.9800,106.0600,107.5100,903168
2020-07-09,107.4200,107.5900,104.2000,106.6700,971486
2020-07-08,107.0500,108.4800,106.6300,107.9000,1153843
2020-07-07,106.9500,107.5200,105.7900,107.0900,1388040
2020-07-06,110.9100,111.8500,107.9500,108.4300,1038031
2020-07-02,111.0000,111.6600,109.2700,109.9700,837302
2020-07-01,107.4700,110.7700,107.1500,110.0000,995684
2020-06-30,106.0700,107.9900,105.5900,107.5000,2290930
2020-06-29,105.0000,106.5700,103.6900,106.5600,819924
2020-06-26,104.7900,105.6900,103.3500,104.1200,2398438
2020-06-25,104.8000,105.0700,103.4800,104.9200,1160701
2020-06-24,105.8300,105.9300,102.8400,105.2700,1733598
2020-06-23,107.8400,107.9900,105.9600,107.2600,1834486
2020-06-22,103.5400,107.3500,102.7700,106.7500,1310502
2020-06-19,110.1800,110.1800,103.5000,103.7600,3208289
2020-06-18,106.2500,107.7800,105.8000,107.7300,752460
2020-06-17,108.4100,108.9000,106.4700,107.1800,759469
2020-06-16,109.2100,110.8600,107.3300,107.9800,1035886
2020-06-15,102.9000,106.7600,102.1900,106.0200,1194984
2020-06-12,107.0200,107.4400,103.1300,105.0700,1069875
2020-06-11,108.7200,109.5000,104.0100,105.0000,1454692
2020-06-10,114.0800,114.7700,112.2400,112.9400,1377498
2020-06-09,115.9400,115.9400,113.0000,115.0000,1380292
2020-06-08,115.1700,117.9100,115.1700,117.4100,1219822
2020-06-05,115.2400,117.4100,114.7300,114.8700,1124669
2020-06-04,112.3200,112.4700,109.3200,111.1300,952334
2020-06-03,111.5600,113.7600,111.2900,113.0400,783987
2020-06-02,109.2100,110.9700,108.6600,110.4100,1135938
2020-06-01,107.5800,109.5400,107.3000,108.4200,915546
2020-05-29,106.8300,108.6500,105.4100,107.5700,2275159
2020-05-28,108.4500,108.7300,107.3400,107.7600,1092606
2020-05-27,107.9300,108.4300,104.7900,106.5000,1244039
2020-05-26,104.9000,106.7700,104.3500,105.3500,1080188
2020-05-22,101.0600,102.1800,100.8700,102.1200,803840
2020-05-21,102.6900,103.5800,100.8200,101.0400,1196676
2020-05-20,104.2400,104.8600,102.6900,103.2500,1400108
2020-05-19,102.5300,104.1400,101.8700,102.8600,1404592
2020-05-18,101.2400,104.2000,100.6400,103.2400,1367056
2020-05-15,97.1300,97.4100,95.1000,97.3500,2760760
2020-05-14,94.7000,98.0900,92.3900,98.0000,1501581
2020-05-13,98.5300,98.5300,95.0000,95.9600,1870782
2020-05-12,99.0000,99.6900,97.7800,99.2600,1410632
2020-05-11,100.5600,100.5600,97.4300,98.7300,1047389
2020-05-08,100.0000,101.6900,99.6500,101.2600,1018552
2020-05-07,101.7200,102.9500,98.4800,98.7200,1340571
2020-05-06,102.4800,102.7300,99.6900,100.5100,1731470
2020-05-05,101.5900,103.3700,101.0100,102.4100,1356697
2020-05-04,100.2100,100.9400,98.3500,100.8300,931716
2020-05-01,102.2700,102.2700,99.8200,100.6800,1053246
2020-04-30,106.0800,106.3000,103.1000,103.7400,1218734
2020-04-29,108.4100,110.0600,106.7300,107.2900,1364642
2020-04-28,105.7600,106.7200,102.6900,106.3200,1512317
2020-04-27,104.3200,104.5600,102.1200,102.6800,908978
2020-04-24,102.0500,103.5400,100.8000,103.0200,936857
2020-04-23,102.4500,104.2300,100.7900,101.0100,1082107
2020-04-22,101.3000,103.1700,99.6700,102.3600,975398
2020-04-21,98.5200,100.2800,98.1600,99.1400,1239034
2020-04-20,103.2000,104.0900,99.5500,100.7600,1088516
2020-04-17,103.8900,106.6500,102.2700,105.8500,1186602
2020-04-16,105.7400,107.3600,101.5100,101.5700,1265569
2020-04-15,105.2400,105.6800,102.6800,104.8000,1208912
2020-04-14,110.4600,111.2300,106.7800,108.3400,1139051
2020-04-13,109.9800,110.3100,107.2000,108.6400,1145832
2020-04-09,104.9400,113.3000,104.9400,111.2500,2435077
2020-04-08,97.8600,104.7100,97.1300,103.8400,1357107
2020-04-07,99.7800,101.4900,97.3400,97.4500,1285138
2020-04-06,91.4600,97.1300,90.9300,96.0400,1103089
2020-04-03,87.8200,89.3700,86.2600,87.1300,1815619
2020-04-02,87.0700,91.9800,86.7500,89.1700,1636334
2020-04-01,92.0200,92.0200,85.5300,88.0800,2145341
2020-03-31,98.1400,99.2300,94.9100,94.9700,1916687
2020-03-30,98.4100,100.2600,96.0000,99.4300,1480068
2020-03-27,94.7700,100.5500,91.2800,97.5300,1704087
2020-03-26,91.6900,99.0800,91.0500,97.9800,1606961
2020-03-25,85.8900,96.7100,84.0000,92.4800,2267499
2020-03-24,80.5100,87.1700,79.1400,86.5200,2128319
2020-03-23,81.3600,84.7700,74.5700,76.8100,2192803
2020-03-20,86.6100,87.6700,81.1900,83.0000,4536880
2020-03-19,76.9000,86.2500,73.8200,85.4100,2920392
2020-03-18,83.8400,83.8400,71.2100,77.0000,2610156
2020-03-17,85.1700,89.6100,83.2600,88.3800,3017381
2020-03-16,81.0000,91.6100,79.9200,83.0300,2782070
2020-03-13,95.1700,96.4400,89.5800,96.4400,2238631
2020-03-12,95.9700,99.1900,87.4500,91.1800,2625373
2020-03-11,106.0000,106.6600,102.6000,104.1100,3070749
2020-03-10,104.5100,108.1400,100.8600,108.0100,3275212
2020-03-09,109.5000,109.5000,101.6800,102.5300,3072410
2020-03-06,112.9000,116.6200,110.5700,116.1200,2676873
2020-03-05,117.3100,117.7900,114.7000,116.2600,2002467
2020-03-04,114.3900,119.3500,114.0500,119.3100,1837869
2020-03-03,116.6600,119.4900,112.0600,113.0200,3049385
2020-03-02,113.0700,116.8600,111.4000,116.6400,2516963
2020-02-28,116.3100,116.3100,110.2000,111.6700,2907750
2020-02-27,124.0200,124.3800,117.9300,118.0100,2247816
2020-02-26,128.3700,129.0400,124.6800,124.7300,1499883
2020-02-25,132.8300,133.2700,128.0800,128.1200,1444544
2020-02-24,134.6300,135.6600,132.7800,132.8600,2082111
2020-02-21,133.9900,135.6700,133.8400,134.9600,1715496
2020-02-20,134.0200,134.2600,132.9200,133.9500,1117013
2020-02-19,134.2800,134.9300,134.0200,134.0700,941416
2020-02-18,134.5400,135.3500,134.2800,134.6500,1269308
2020-02-14,133.7800,134.4900,133.3600,134.0200,1624965
2020-02-13,133.6700,134.1100,133.0700,133.5500,1733326
2020-02-12,133.8100,134.4100,133.4000,133.7500,858119
2020-02-11,133.6900,134.2700,133.2800,134.0200,819026
2020-02-10,133.7300,133.8100,132.9200,133.4600,805759
2020-02-07,134.4900,134.8100,133.5200,133.6100,850052
2020-02-06,134.9100,135.5100,133.9300,134.2100,1238657
2020-02-05,134.0000,134.8100,132.9900,134.4500,1510687
2020-02-04,133.6300,134.3100,133.1000,133.1000,1405802
2020-02-03,132.9400,133.8000,132.7000,133.7800,962288
2020-01-31,133.0800,133.5800,132.1000,132.6100,1234580
2020-01-30,131.9700,133.2900,131.4100,133.1500,1459008
2020-01-29,132.4600,132.8700,131.9400,131.9500,1029471
2020-01-28,132.3300,133.5800,132.1500,132.4600,812760
2020-01-27,132.9200,133.6500,131.7200,132.2900,938066
2020-01-24,133.7100,134.3100,132.2200,132.7600,1248934
2020-01-23,132.5900,134.1200,132.3500,133.9000,1117386
2020-01-22,134.0500,134.7200,132.5800,132.6200,1421843
2020-01-21,133.9300,134.4400,133.0500,133.9300,1284081
2020-01-17,133.0000,133.9700,132.5600,133.8300,1015359
2020-01-16,132.2300,132.9900,132.0800,132.9200,641830
2020-01-15,130.7200,132.2900,130.6500,131.9900,907879
2020-01-14,129.6500,130.2800,128.8100,130.2600,1179942
2020-01-13,129.2400,130.1100,129.1700,129.5900,1010757
2020-01-10,129.0000,129.4400,128.7600,128.9400,1214429
2020-01-09,128.3300,129.0500,128.3300,128.6600,807500
2020-01-08,128.7900,128.9900,128.2100,128.4800,716087
2020-01-07,129.0900,129.0900,127.6200,128.5500,733847
2020-01-06,128.9600,129.4300,128.1200,128.9800,955472
2020-01-03,128.4200,129.6600,128.4000,129.0100,1163926
2020-01-02,130.0000,130.0000,127.7500,128.7000,933617
2019-12-31,129.2700,129.9600,129.1200,129.8700,837803
2019-12-30,128.6500,129.0400,128.1700,129.0200,1364416
2019-12-27,128.5000,128.9100,128.1200,128.8800,695248
2019-12-26,128.3300,128.6400,127.8700,128.5500,602304
2019-12-24,128.7100,128.7900,127.9400,128.1600,340143
2019-12-23,130.0500,130.2500,128.2300,128.7600,871092
2019-12-20,130.3300,130.7000,129.4300,129.8600,3450029
2019-12-19,129.4000,130.2500,128.8600,129.6600,1504587
2019-12-18,128.9800,129.5600,128.1300,129.3000,1432099
2019-12-17,127.1900,129.2600,127.1900,128.6700,2211540
2019-12-16,125.9800,127.5400,125.5700,127.4800,1421897
2019-12-13,123.8800,125.0900,123.1300,124.8600,846324
2019-12-12,125.2800,125.6400,124.3700,124.9300,938709
2019-12-11,124.7900,125.4300,124.4300,125.3400,922969
2019-12-10,124.8000,125.6000,124.4400,124.9200,809892
2019-12-09,125.2800,125.7200,124.8600,125.3000,895990
2019-12-06,125.1700,125.8600,124.7700,125.2300,813467
2019-12-05,125.0800,125.6600,124.7100,125.3600,901526
2019-12-04,123.6100,125.5700,123.6100,125.2600,1236287
2019-12-03,123.7400,124.2000,123.2700,124.0100,946388
2019-12-02,124.3500,124.9100,123.3600,123.3800,1280621
2019-11-29,125.0300,125.6300,124.3900,124.9400,683154
2019-11-27,124.2600,125.0600,123.7800,124.9700,885814
2019-11-26,124.0600,124.5700,123.6500,124.2500,1792168
2019-11-25,123.7900,124.3300,123.2000,124.0800,2182243
2019-11-22,123.3800,124.1300,122.5200,123.4400,810353
2019-11-21,123.9200,124.2600,122.9800,123.3700,973383
2019-11-20,123.7700,124.3300,123.3800,124.1000,737573
2019-11-19,123.2000,123.8600,122.3000,123.6300,1116367
2019-11-18,124.0000,124.9300,123.2100,123.5000,1487371
2019-11-15,123.5900,123.9100,123.0400,123.8400,1059619
2019-11-14,122.8100,123.9400,122.6200,123.7100,1238202
2019-11-13,120.6400,123.0200,120.6400,122.6200,1131597
2019-11-12,120.7100,120.9900,120.0800,120.5700,1211982
2019-11-11,120.6600,121.2100,120.3100,120.7100,1078580
2019-11-08,121.4200,122.8000,120.1600,120.4900,1420611
2019-11-07,123.3300,123.7100,121.0000,121.7800,1492149
2019-11-06,123.9000,124.8700,123.6400,123.9000,1004025
2019-11-05,124.6100,125.1300,123.6700,123.7100,1417580
2019-11-04,126.7300,127.5000,124.8300,125.0600,1584248
2019-11-01,127.5200,127.9300,126.4000,127.0000,1701678
2019-10-31,127.1600,127.7300,126.5300,127.3200,1854868
2019-10-30,127.8000,128.9100,126.2000,127.0000,5256111
2019-10-29,124.0000,126.8200,123.4100,126.5900,2898303
2019-10-28,128.0700,128.6200,125.5900,125.6800,1391718
2019-10-25,129.4400,129.4700,127.3900,128.2100,1510404
2019-10-24,129.4200,129.7200,128.8900,129.1100,818788
2019-10-23,128.6800,129.5900,128.4500,129.3200,943005
2019-10-22,129.6700,129.7500,128.6800,128.9800,997887
2019-10-21,127.8200,129.2500,127.3700,129.2000,1063029
2019-10-18,128.1800,128.1800,125.7000,127.3400,2473753
2019-10-17,129.2200,129.7500,128.8200,129.4800,892071
2019-10-16,128.9700,129.4100,128.3100,129.2600,908638
2019-10-15,128.1100,129.5300,128.0100,129.0300,1425687
2019-10-14,129.9500,129.9500,128.0200,128.1100,641259
2019-10-11,130.0000,130.7400,129.1900,129.8900,1102279
2019-10-10,129.4700,130.4100,128.6100,130.2900,1109518
2019-10-09,130.5200,130.8400,129.2700,129.8600,1186724
2019-10-08,131.9900,132.3500,129.9400,130.1800,1314015
2019-10-07,133.0000,133.1100,132.0400,132.4500,1000935
2019-10-04,130.7700,132.4700,130.3900,132.2400,1275636
2019-10-03,131.2700,131.5900,130.0100,130.6100,1879368
2019-10-02,132.9200,133.2400,130.7800,131.2200,1174575
2019-10-01,132.6100,133.3900,132.4600,133.1900,912385
2019-09-30,132.7100,133.2500,132.2800,132.9600,940265
2019-09-27,133.4500,133.6600,131.6200,132.4900,750458
2019-09-26,134.1200,134.3700,132.9300,133.4400,1269600
2019-09-25,133.4700,134.0100,133.0100,133.8000,1341075
2019-09-24,131.9300,134.0200,131.6200,133.6800,1067335
2019-09-23,132.1800,132.7900,131.1200,131.4900,2096815
2019-09-20,132.0300,132.7800,131.4400,132.2900,1644030
2019-09-19,132.0000,132.1900,131.2300,131.8700,774399
2019-09-18,131.1300,131.7100,130.1100,131.6300,865802
2019-09-17,130.1400,132.0200,130.0200,130.7200,1967524
2019-09-16,128.8300,130.1200,127.6600,130.0500,1187808
2019-09-13,127.7100,129.1700,127.2100,128.4300,900129
2019-09-12,130.0000,130.8700,128.2700,129.2300,2471890
2019-09-11,128.2100,129.6400,127.6900,129.2500,794740
2019-09-10,128.0000,129.0700,127.1700,128.5700,1189314
2019-09-09,128.8800,128.8800,127.1600,127.9700,954453
2019-09-06,130.1600,130.4900,127.9400,128.8800,1091172
2019-09-05,131.4100,131.6500,129.6700,129.9100,1518501
2019-09-04,131.9900,132.5000,130.9500,132.0600,1125759
2019-09-03,129.6300,131.9000,129.2900,131.8800,1026001
2019-08-30,130.5800,130.6000,129.3700,129.6600,964946
2019-08-29,130.1000,130.3000,129.1200,129.9800,613661
2019-08-28,130.6400,130.7300,129.1500,129.5300,742316
2019-08-27,130.8900,131.7300,130.3300,130.4000,1099284
2019-08-26,129.1600,130.1900,128.4700,130.1500,879161
2019-08-23,130.6100,130.9800,127.9100,128.3900,1143487
2019-08-22,130.7000,131.1700,129.4100,130.2500,838472
2019-08-21,129.4300,130.6300,129.0100,130.5100,822171
2019-08-20,130.9400,130.9400,129.1600,129.5700,1182572
2019-08-19,129.3400,131.2300,128.8900,130.7900,1439436
2019-08-16,128.9900,129.4800,128.3500,129.2900,921284
2019-08-15,125.8700,129.1400,125.8700,128.6600,843757
2019-08-14,128.8200,129.0000,125.9000,126.1600,1081036
2019-08-13,127.5800,128.9700,127.2500,128.2300,867961
2019-08-12,129.5900,129.5900,127.7200,128.0900,829454
2019-08-09,129.6700,130.1900,129.0100,129.3700,819161
2019-08-08,128.2500,129.7400,126.5900,129.2900,952863
2019-08-07,127.8300,129.0400,126.1400,128.1800,829746
2019-08-06,127.0000,128.4500,124.9300,127.8200,946933
2019-08-05,128.5500,129.5700,126.2900,126.9200,929129
2019-08-02,129.3800,130.4500,128.4400,128.6600,773271
2019-08-01,127.0000,129.7300,126.4600,129.0500,809642
2019-07-31,127.9000,128.6000,126.4400,127.1100,994669
2019-07-30,129.0800,129.7000,127.2500,127.9500,775993
2019-07-29,130.0000,130.0000,127.8300,128.9800,1145798
2019-07-26,128.0000,129.4300,127.7100,129.3700,930783
2019-07-25,127.5900,128.9900,127.2300,128.0600,757247
2019-07-24,128.8000,128.8000,126.9000,127.7100,1037673
2019-07-23,128.5600,128.7100,127.2500,128.1700,938085
2019-07-22,128.8000,129.1400,127.4600,128.6100,612203
2019-07-19,131.1100,131.3000,128.7300,128.7900,662440
2019-07-18,130.2800,131.4000,129.1300,131.3600,804413
2019-07-17,130.0800,130.6600,129.7800,130.0800,694737
2019-07-16,129.5800,130.2900,128.5900,129.5500,731482
2019-07-15,130.2300,131.0000,129.5200,129.9900,1149579
2019-07-12,131.8800,131.8800,130.1200,130.4000,571613
2019-07-11,131.5600,132.0900,130.3800,131.6200,673772
2019-07-10,131.3800,131.9400,130.8700,131.5600,643690
2019-07-09,130.8900,131.3900,130.1600,131.2200,974669
2019-07-08,131.0700,131.4400,130.1000,131.0300,727607
2019-07-05,130.1000,131.0300,128.6000,130.8700,535085
2019-07-03,130.3200,131.5800,130.3100,131.0900,457094
2019-07-02,128.6100,129.9500,128.6100,129.8400,828901
2019-07-01,127.9500,128.3100,126.1800,128.2800,903363
2019-06-28,127.3000,128.5000,127.1300,127.8800,1117020
2019-06-27,127.7400,128.1400,126.9700,127.5600,592549
2019-06-26,129.8900,130.3300,127.4200,127.4700,669524
2019-06-25,131.8200,131.8700,129.8900,130.2200,870737
2019-06-24,131.6100,131.6800,130.7200,131.5900,769332
2019-06-21,131.1700,131.4600,129.5800,131.1100,1421737
2019-06-20,130.6100,131.4100,129.9300,131.1800,585961
2019-06-19,128.3700,130.9100,128.3300,130.4700,726064
2019-06-18,130.0000,130.3100,128.1200,128.9700,1340525
2019-06-17,129.7100,130.2700,128.6000,129.7400,1091431
2019-06-14,128.4200,129.8900,128.1100,129.5400,724899
2019-06-13,129.3700,129.6400,128.3200,128.8700,898199
2019-06-12,128.1900,129.4500,128.1600,129.1500,490621
2019-06-11,128.0000,128.5800,126.9400,127.6200,603892
2019-06-10,128.6600,128.6700,127.3600,128.2300,600951
2019-06-07,130.1800,131.2400,128.4000,128.5800,636058
2019-06-06,129.3900,129.9800,128.7500,129.5700,688372
2019-06-05,127.0000,129.7000,126.5000,129.1300,806695
2019-06-04,126.5600,126.6800,123.9100,126.3900,773549
2019-06-03,125.8900,126.9000,124.8600,126.8400,902016
2019-05-31,124.4100,125.7400,123.9100,125.4700,850195
2019-05-30,124.8500,125.3300,123.7600,124.2200,822711
2019-05-29,126.2400,126.4800,124.3100,124.7400,840985
2019-05-28,129.0500,129.0500,125.7700,125.8600,1145639
2019-05-24,129.4100,129.9900,128.7500,128.7900,493979
2019-05-23,128.4500,129.3500,128.3700,129.3300,670312
2019-05-22,127.5600,128.3900,127.0300,128.2900,501143
2019-05-21,127.4400,128.4100,127.1000,127.2100,540016
2019-05-20,127.8900,128.2800,126.8800,127.3800,603987
2019-05-17,126.1200,127.8900,126.0400,127.4500,607670
2019-05-16,125.5800,127.0000,125.3000,126.7600,479276
2019-05-15,126.3200,126.5000,125.5400,125.6800,649072
2019-05-14,127.0600,127.4400,125.7900,126.1300,970375
2019-05-13,125.7100,127.7200,125.7100,127.4100,738804
2019-05-10,123.6500,126.0500,123.4400,125.9800,665922
2019-05-09,123.4200,123.7900,122.5500,123.6000,692332
2019-05-08,124.4200,124.7200,122.7100,123.0300,615742
2019-05-07,125.0400,125.5900,124.1500,124.5700,614574
2019-05-06,125.3300,125.6700,124.6200,125.0800,579229
2019-05-03,124.3900,125.4100,124.1400,125.2200,560397
2019-05-02,124.2000,124.7000,123.2200,124.1200,668681
2019-05-01,125.2800,125.5400,123.9900,124.0100,831368
2019-04-30,123.8800,125.7600,123.3900,125.7100,801591
2019-04-29,124.1400,124.2900,123.0700,123.6200,599994
2019-04-26,124.7200,125.5800,124.1400,124.3400,764968
2019-04-25,123.5200,124.9100,123.3700,124.1700,1053877
2019-04-24,123.4900,124.3200,122.0500,124.0400,1378294
2019-04-23,122.8300,123.7000,122.3900,123.1400,1429380
2019-04-22,123.2500,123.4800,122.4500,122.7200,1141094
2019-04-18,122.7800,124.1300,122.6300,123.2100,1336900
2019-04-17,122.8400,123.3800,122.2500,122.8100,1176372
2019-04-16,124.2600,124.9700,122.3300,122.8100,706757
2019-04-15,124.6300,124.8900,124.0400,124.4600,1009392
2019-04-12,123.5500,124.5500,122.7000,124.4200,948355
2019-04-11,123.1000,124.0000,122.7200,123.9200,760202
2019-04-10,123.8400,124.4300,122.6800,123.0100,864612
2019-04-09,122.6700,123.2800,122.4700,123.2300,735078
2019-04-08,123.6500,123.7900,122.4600,122.6200,614338
2019-04-05,122.7600,124.0400,122.6300,123.9800,590019
2019-04-04,124.0600,124.0600,122.0600,122.8200,774938
2019-04-03,123.7100,124.0800,122.4100,123.4700,665067
2019-04-02,123.5900,124.0600,123.0500,123.9000,869735
2019-04-01,124.5200,124.6400,122.8600,123.8000,766930
2019-03-29,123.6500,124.9000,123.2400,124.7400,952245
2019-03-28,125.2900,125.7300,123.3000,123.7800,648697
2019-03-27,125.8900,125.9600,124.5800,125.1900,751032
2019-03-26,125.1700,126.0700,124.9200,125.9100,620335
2019-03-25,125.1300,125.4200,124.3600,125.1100,525381
2019-03-22,123.7400,125.7000,123.5000,124.8900,1860526
2019-03-21,122.5000,123.4400,122.1500,123.2400,1887660
2019-03-20,122.4200,123.4400,122.1100,122.4000,1043482
2019-03-19,123.2100,123.2100,121.7100,122.1400,1148911
2019-03-18,124.0000,124.2300,122.9000,123.3400,1519237
2019-03-15,123.6300,124.4700,123.0100,123.9800,2607976
2019-03-14,124.3600,124.8200,123.5000,124.3800,1199282
2019-03-13,124.1700,124.4500,123.7600,124.1600,1204789
2019-03-12,123.9100,124.0800,123.3100,124.0600,1578387
2019-03-11,123.2100,123.8700,122.8300,123.6900,1228925
2019-03-08,122.6300,123.2100,122.0200,123.2000,1071904
2019-03-07,122.7500,123.5200,122.2000,122.5000,1381092
2019-03-06,122.9500,123.1900,122.1200,122.3800,1117838
2019-03-05,122.9900,123.2600,122.4700,122.7600,706635
2019-03-04,123.1300,123.3600,122.1000,123.1100,812887
2019-03-01,123.6300,123.7300,122.2600,122.9000,1004950
2019-02-28,122.4400,123.6400,121.9500,123.5600,1098162
2019-02-27,121.9400,122.5300,121.5100,122.3600,738315
2019-02-26,123.1700,123.1700,121.7500,122.3000,1003227
2019-02-25,123.7600,123.8400,122.2000,122.8200,1482107
2019-02-22,123.0000,123.8000,121.9900,123.7200,861296
2019-02-21,121.2400,122.9900,120.8300,122.7400,1542211
2019-02-20,120.2800,121.8400,119.7800,121.7700,1728390
2019-02-19,119.7900,120.5700,119.1900,120.5100,998122
2019-02-15,119.7000,120.0600,119.1500,119.8100,893262
2019-02-14,119.3500,119.9400,118.8000,119.2100,830387
2019-02-13,119.5000,119.5900,118.7800,119.3500,1099558
2019-02-12,119.1200,119.8400,118.1700,119.4900,1208732
2019-02-11,118.5600,119.4500,118.4800,119.0400,832902
2019-02-08,118.1100,118.8500,117.5800,118.5600,1183197
2019-02-07,112.8600,118.3800,112.8600,118.3000,1305075
2019-02-06,117.2900,117.3400,116.3200,117.0800,1076281
2019-02-05,117.3000,117.4700,116.3400,117.3000,922684
2019-02-04,116.3600,117.4200,114.9300,117.3900,1311530
2019-02-01,117.7500,118.0600,116.3500,117.3600,766769
2019-01-31,115.2400,118.3200,114.6600,117.7500,1762576
2019-01-30,114.4200,115.8500,114.2300,115.2900,702607
2019-01-29,114.0300,115.1500,114.0300,114.9300,966133
2019-01-28,114.2200,114.6900,113.3100,114.1000,838368
2019-01-25,115.2900,115.8300,113.8300,114.1300,1002045
2019-01-24,114.2400,115.5900,113.2200,115.5000,1060011
2019-01-23,113.1100,114.3400,112.9500,114.2700,836774
2019-01-22,113.1200,114.0300,111.9100,113.0400,655338
2019-01-18,113.1800,114.0600,112.4500,112.9800,912462
2019-01-17,111.6200,113.3500,111.4700,113.1900,938910
2019-01-16,110.8000,111.8700,110.3900,111.7300,878205
2019-01-15,109.4400,111.9100,109.4400,111.2500,1474067
2019-01-14,111.1800,111.1800,108.5200,109.9500,1146755
2019-01-11,111.7900,112.2000,110.6300,111.8600,797367
2019-01-10,109.4600,111.8100,109.4400,111.7000,1011633
2019-01-09,110.2100,111.1500,109.3500,110.0700,784119
2019-01-08,109.5300,110.7200,109.2200,110.5900,727527
2019-01-07,109.3900,110.4000,108.9800,109.6200,923300
2019-01-04,107.8300,109.9900,107.8300,109.9900,1214123
2019-01-03,108.0000,109.2100,107.5400,108.3400,1215708
2019-01-02,110.1800,110.4200,107.3300,107.8900,1165494
2018-12-31,110.3800,110.5850,109.2800,110.3000,715718
2018-12-28,110.5300,111.4200,109.5801,110.1100,817417
2018-12-27,109.1800,110.2000,107.8200,110.1600,1381259
2018-12-26,108.9600,110.1200,107.2200,109.6500,1436007
2018-12-24,114.2500,114.7400,108.7200,108.9500,652538
2018-12-21,114.6000,117.3000,113.7600,114.0500,1924822
2018-12-20,114.1300,115.7600,112.6900,114.5400,1510408
2018-12-19,114.1000,115.2300,112.8900,113.8100,1583751
2018-12-18,114.4900,115.7100,113.3700,113.6300,1318914
2018-12-17,118.5500,118.7700,113.8700,114.1400,1604261
2018-12-14,119.0800,119.6700,117.3900,118.2200,1740887
2018-12-13,118.9600,120.2700,118.7700,119.8200,1609889
2018-12-12,120.1400,120.6400,118.7200,118.7400,1446273
2018-12-11,119.4800,120.2300,119.1600,119.8700,2151728
2018-12-10,119.7000,119.8700,118.0500,119.3100,2833255
2018-12-07,119.3500,120.0400,118.5800,119.5200,1281464
2018-12-06,119.9300,120.3450,116.9800,119.3900,1570690
2018-12-04,119.5800,120.7600,119.0400,119.1700,2338315
2018-12-03,118.7600,119.3900,118.0300,119.1600,2054694
2018-11-30,117.9200,119.8000,117.8200,119.7400,1406414
2018-11-29,117.6700,117.7900,116.0100,117.6700,897856
2018-11-28,117.6900,117.9400,116.7800,117.4000,1061591
2018-11-27,116.7500,117.6500,115.8300,117.5000,1142155
2018-11-26,116.8600,116.9900,115.8400,116.7000,1119403
2018-11-23,116.9300,117.0700,116.2550,116.6700,515715
2018-11-21,118.2500,118.2500,116.2600,116.7500,955318
2018-11-20,119.8500,120.6200,118.0500,118.5000,1422404
2018-11-19,119.0100,119.8400,118.6200,119.2100,811760
2018-11-16,120.5100,121.0000,118.5100,119.0300,1143101
2018-11-15,118.4900,119.8200,117.3700,119.3100,1074159
2018-11-14,119.3900,120.3800,118.9500,119.2900,1023614
2018-11-13,118.9700,120.2500,118.2300,119.9500,626902
2018-11-12,118.2300,120.4500,117.6700,119.0500,1173130
2018-11-09,116.6600,118.5000,116.3500,118.1400,1114113
2018-11-08,116.1000,116.6000,115.2200,116.3800,893275
2018-11-07,115.4800,116.2400,114.5000,116.1400,1132589
2018-11-06,113.3900,114.9400,113.2900,114.8400,795297
2018-11-05,111.7500,113.5200,111.5500,113.3600,1246898
2018-11-02,112.4200,112.6800,110.4100,111.3800,956707
2018-11-01,112.4000,112.7300,111.0500,112.0900,1400985
2018-10-31,113.8000,114.0400,111.8200,112.4000,1611081
2018-10-30,114.0600,114.8200,112.8900,114.3600,1202154
2018-10-29,113.1200,114.4700,112.9800,113.6300,1347233
2018-10-26,115.3700,115.9900,112.2000,112.8500,1987046
2018-10-25,116.5200,116.9900,114.2700,115.0500,2801835
2018-10-24,112.2600,118.2200,112.0800,117.7000,3429991
2018-10-23,112.5500,113.4500,111.4300,111.9400,1427908
2018-10-22,113.0100,113.1000,111.7600,112.3000,811044
2018-10-19,111.4600,113.5100,111.1700,112.9400,839392
2018-10-18,111.5400,111.8400,110.5500,111.1600,805401
2018-10-17,111.0300,111.6800,110.5200,111.2900,728772
2018-10-16,109.9000,111.7500,109.2600,111.2400,1088324
2018-10-15,110.0000,110.9600,109.7500,110.1200,1297070
2018-10-12,110.4800,110.6100,109.2500,110.1400,1174886
2018-10-11,113.1800,113.5000,110.1300,110.5800,1362999
2018-10-10,113.6300,114.8400,112.6800,112.7400,1013002
2018-10-09,112.8500,113.9800,112.4000,113.6400,1266242
2018-10-08,111.8200,113.5100,111.6100,112.5900,1131253
2018-10-05,109.3800,111.7300,109.3000,111.6200,1016595
2018-10-04,108.3600,109.5300,107.3900,109.3800,652451
2018-10-03,110.4500,110.9400,107.7400,108.6300,1133876
2018-10-02,109.4200,110.8500,109.4200,110.7600,1335723
2018-10-01,108.7500,109.0800,108.1200,109.0300,840111
2018-09-28,107.7000,109.2000,107.7000,109.1300,989817
2018-09-27,106.6400,107.9900,106.4100,107.4100,729254
2018-09-26,107.8300,107.9400,106.4300,106.4900,1251513
2018-09-25,108.3200,108.3200,106.8900,107.4900,955648
2018-09-24,109.2800,109.4500,108.4100,108.5100,938285
2018-09-21,108.8700,109.9500,108.4600,109.0700,3090004
2018-09-20,109.1400,109.2500,108.0800,109.1800,1067927
2018-09-19,112.6000,112.6000,108.6900,109.0900,1473233
2018-09-18,112.0700,112.6700,111.4900,112.5100,1048787
2018-09-17,112.4300,112.7400,111.5600,112.3400,987596
2018-09-14,112.5500,112.7800,111.1600,112.3000,789139
2018-09-13,113.1800,113.7800,112.2300,113.7600,785387
2018-09-12,113.0300,113.7100,112.7600,113.0200,707233
2018-09-11,113.5500,113.9900,112.9700,113.2200,689717
2018-09-10,113.2900,114.0200,112.9900,113.4000,909832
2018-09-07,113.1400,113.7400,112.4600,112.9600,1216306
2018-09-06,113.2500,114.3100,112.7400,114.0000,1100927
2018-09-05,111.8800,113.3200,111.7000,113.2700,981702
2018-09-04,111.5300,112.3200,111.5100,111.6700,904796
2018-08-31,111.8600,112.3500,110.8100,111.1400,740337
2018-08-30,111.5700,112.2500,111.3800,111.8600,808800
2018-08-29,111.0300,111.3100,110.5100,111.2700,678549
2018-08-28,111.0600,111.2500,110.4600,110.7300,732271
2018-08-27,112.0200,112.3600,110.6900,111.3400,1161490
2018-08-24,111.5900,112.0200,110.6700,111.9000,832125
2018-08-23,111.2600,112.4200,111.1200,111.4300,880848
2018-08-22,112.8900,112.9400,110.7000,111.2300,1004584
2018-08-21,113.3900,113.5100,112.1800,112.7200,1378509
2018-08-20,113.8700,113.8700,112.8400,113.3000,1045255
2018-08-17,113.0400,114.1200,112.8000,113.6200,1383225
2018-08-16,112.1000,113.2700,111.8300,113.1800,1296698
2018-08-15,111.0100,112.8400,110.9800,112.2700,1210799
2018-08-14,110.7000,111.4400,110.7000,111.0400,575429
2018-08-13,110.5100,110.9000,110.0200,110.7900,1332829
2018-08-10,110.9800,111.7300,110.2600,110.3400,1221199
2018-08-09,110.3000,110.8100,109.9600,110.7200,914951
2018-08-08,110.0700,110.4700,109.5200,110.1600,641449
2018-08-07,110.5700,110.5700,109.2800,110.3500,936086
2018-08-06,110.1200,110.8900,109.8800,110.5000,2020857
2018-08-03,107.7700,110.1800,107.7700,110.1000,1055349
2018-08-02,107.7700,108.9000,107.1400,108.7000,839689
2018-08-01,107.7600,107.9000,106.2700,107.8400,1919410
2018-07-31,108.3200,108.8800,107.6400,108.5400,2062133
2018-07-30,108.5000,108.5300,107.3600,107.7800,1290020
2018-07-27,108.8200,109.6600,108.2100,108.6100,979074
2018-07-26,109.0200,109.6200,108.3100,108.8200,1244391
2018-07-25,107.9900,109.5700,107.4800,108.3000,1939447
2018-07-24,105.7100,107.0100,104.8100,106.7200,1507742
2018-07-23,106.8600,107.0200,105.8000,106.4300,926325
2018-07-20,106.9500,107.2700,105.7000,106.6000,1006353
2018-07-19,106.2200,107.8000,106.2200,107.3700,1083570
2018-07-18,106.1200,106.5400,105.5500,106.0600,744955
2018-07-17,106.5500,106.7600,106.1900,106.3800,883639
2018-07-16,106.0100,106.6300,105.5500,106.3000,1151369
2018-07-13,105.9800,106.2800,105.3700,106.1900,1004766
2018-07-12,105.8300,106.1500,105.2500,105.9200,974009
2018-07-11,104.4200,105.8800,104.2700,105.6600,1131461
2018-07-10,102.7700,104.5500,101.8800,104.0000,1294450
2018-07-09,106.9500,106.9500,102.7300,103.1500,1222644
2018-07-06,106.3400,107.1700,106.1900,107.0300,936387
2018-07-05,105.2500,106.4100,104.8800,106.3300,1190683
2018-07-03,104.5300,105.5700,104.1600,105.0200,617318
2018-07-02,103.7400,104.6700,103.4700,104.5900,1349735
2018-06-29,104.0300,104.3300,103.0000,103.6300,1161919
2018-06-28,104.4600,105.1300,103.5900,103.9400,1297599
2018-06-27,103.0300,104.6300,102.9400,104.1800,1417839
2018-06-26,102.6500,103.9900,102.5600,103.2000,1606411
2018-06-25,100.6700,103.0400,100.4900,102.7900,1974484
2018-06-22,100.1400,100.6800,99.9300,100.4500,1265762
2018-06-21,99.2300,100.2500,99.0800,100.0700,2489111
2018-06-20,98.9100,99.4700,97.8600,99.2900,1878128
2018-06-19,97.3900,99.1300,97.3000,99.1000,1816189
2018-06-18,97.1100,97.7800,96.8800,97.4000,961825
2018-06-15,96.0500,97.1500,95.4000,97.0600,2361274
2018-06-14,96.2700,97.3400,96.0400,97.0500,1232869
2018-06-13,96.8100,97.1600,95.8800,96.0800,1253509
2018-06-12,94.8200,96.7000,94.8000,96.4900,1567216
2018-06-11,96.1100,96.9900,94.2500,94.7000,2335861
2018-06-08,97.3000,97.4600,96.5600,96.9700,1063844
2018-06-07,96.6000,98.0000,96.2100,97.0400,1285393
2018-06-06,99.2800,99.3100,96.7700,96.9400,1282075
2018-06-05,99.8800,100.1800,98.9800,99.2900,1066126
2018-06-04,101.2700,101.7700,99.9900,100.0400,1184905
2018-06-01,102.3600,102.4800,100.8400,101.0300,1065492
2018-05-31,102.3700,103.0400,101.7300,102.4300,1597157
2018-05-30,101.9800,102.7800,101.6300,102.4500,1009631
2018-05-29,102.1400,103.0400,101.5500,102.1000,1060155
2018-05-25,102.2200,102.8800,102.0200,102.1800,1013920
2018-05-24,101.7200,102.4600,101.2100,102.1300,1567908
2018-05-23,100.4800,101.5300,100.3000,101.4300,972390
2018-05-22,99.9600,100.9400,99.8000,100.1200,875364
2018-05-21,99.9800,100.2700,99.1100,99.9700,852629
2018-05-18,99.6100,100.4400,99.2200,99.9200,1197993
2018-05-17,100.4200,100.8500,99.0000,99.3200,1533146
2018-05-16,101.5500,101.5500,100.0500,100.4700,859184
2018-05-15,101.7400,102.1100,100.8100,101.4700,1750607
2018-05-14,102.5300,102.8800,101.5000,102.2900,1511818
2018-05-11,101.6400,102.7200,101.3600,102.4500,1352263
2018-05-10,100.9300,101.3700,100.3600,101.3300,757379
2018-05-09,101.1400,101.3300,99.7200,100.2400,851406
2018-05-08,103.9000,103.9000,100.7700,101.1000,1354288
2018-05-07,104.5200,104.5400,103.7500,104.1500,1125046
2018-05-04,104.6100,105.0900,104.2900,104.6800,899169
2018-05-03,104.8300,105.0500,103.3600,104.6000,1046249
2018-05-02,105.0000,105.4600,103.9700,104.7500,1311319
2018-05-01,105.2500,105.4000,104.7200,105.0000,1799508
2018-04-30,105.6800,106.0400,104.9900,105.4000,1847263
2018-04-27,104.5500,106.2400,104.5500,105.6500,1406821
2018-04-26,103.9000,104.9900,103.2200,104.8300,806854
2018-04-25,103.2600,105.0000,102.0100,104.0100,1121993
2018-04-24,103.6700,104.9400,102.6100,104.2000,1829601
2018-04-23,102.8800,103.7400,102.7900,103.3300,1155170
2018-04-20,103.6900,103.7400,102.2800,102.7300,1202489
2018-04-19,103.8100,104.1700,103.0500,103.7400,809420
2018-04-18,104.5600,105.2000,103.9400,104.0100,904159
2018-04-17,103.6500,104.7400,103.2900,104.4900,543185
2018-04-16,102.6600,103.7100,102.2600,103.6100,965643
2018-04-13,102.2200,102.8400,102.1700,102.4400,636358
2018-04-12,103.5100,103.6600,101.8200,102.1000,609546
2018-04-11,103.4600,104.0400,102.9100,103.3400,425071
2018-04-10,104.5100,104.6300,103.3700,103.5600,716728
2018-04-09,104.0600,105.0200,103.6300,104.3400,1113065
2018-04-06,104.6700,105.0000,103.7300,104.0600,879270
2018-04-05,103.9800,105.0100,102.5600,104.6300,1000902
2018-04-04,104.2300,104.3300,102.8700,103.8900,954323
2018-04-03,103.6500,104.6100,103.2500,104.4200,1054110
2018-04-02,104.6800,105.4900,103.1600,103.6700,981430
2018-03-29,104.0200,105.1900,104.0200,104.4000,592441
2018-03-28,104.0900,104.7000,103.4300,104.0000,861029
2018-03-27,102.1900,104.9200,101.9500,103.8100,707262
2018-03-26,101.4100,102.4400,101.3400,102.1200,497073
2018-03-23,102.7100,103.5700,100.9800,101.0900,741985
2018-03-22,102.4300,104.7300,102.4300,102.5500,1837938
2018-03-21,102.5000,103.7300,102.0700,102.5300,1136513
2018-03-20,102.2900,102.8100,101.2400,102.1500,1813827
2018-03-19,102.1100,102.9100,101.5500,102.1900,1607591
2018-03-16,101.1500,102.5300,100.9500,102.2700,3293010
2018-03-15,102.0000,102.4700,101.1700,101.7200,1678734
2018-03-14,101.0600,101.9300,100.8800,101.7700,940309
2018-03-13,101.3100,101.5100,100.3300,100.9300,1261503
2018-03-12,100.3600,101.7600,100.2800,100.9100,1537124
2018-03-09,100.3700,100.5900,99.5900,100.5300,1466817
2018-03-08,100.1600,100.8100,99.8600,100.4000,839152
2018-03-07,100.8800,101.4600,99.5200,99.9200,1125535
2018-03-06,102.4300,102.5000,100.6800,101.2000,824643
2018-03-05,100.6700,102.7200,100.2200,102.5700,1063160
2018-03-02,100.7100,101.9100,99.8200,100.7900,876094
2018-03-01,100.8500,102.0600,100.0600,100.7300,1039571
2018-02-28,102.2000,102.3600,100.7200,100.7800,2166514
2018-02-27,104.0200,104.6900,102.0100,102.0300,2119620
2018-02-26,104.9500,105.0700,103.5800,103.7600,921953
2018-02-23,101.9400,104.7000,101.8700,104.7000,1033990
2018-02-22,102.3200,102.9300,101.4900,101.8600,1026840
2018-02-21,103.2000,104.1200,101.8800,101.9000,959891
2018-02-20,105.0500,105.7000,102.8900,103.2000,1393432
2018-02-16,102.7300,105.5600,102.5300,105.2200,1716137
2018-02-15,101.5300,103.2300,101.4000,103.1500,971896
2018-02-14,101.5800,101.9900,100.6200,101.2300,947784
2018-02-13,101.0600,102.4000,100.4000,102.2100,952783
2018-02-12,101.2300,101.5600,100.0600,101.2500,1558526
2018-02-09,98.7700,101.8600,98.6500,101.0600,1459548
2018-02-08,99.0400,100.4400,98.4800,98.4900,1941585
2018-02-07,99.2900,100.5500,99.0400,99.2700,1146352
2018-02-06,100.8400,100.8700,97.6600,99.3600,3111186
2018-02-05,103.0200,104.1000,101.7200,102.0000,1842474
2018-02-02,103.7100,104.1100,102.9300,103.2800,2008639
2018-02-01,105.7600,106.3500,103.6500,104.2200,2827492
2018-01-31,104.3300,105.7500,103.8500,105.6400,1331012
2018-01-30,104.0700,104.8600,103.8100,104.2400,1201215
2018-01-29,104.9900,105.0600,104.0400,104.3900,2593300
2018-01-26,106.0300,106.2400,104.5100,105.5000,1065530
2018-01-25,104.3100,106.0000,104.2200,105.9600,1058900
2018-01-24,104.5800,105.0200,104.0000,104.4300,1545981
2018-01-23,103.4200,105.0000,103.3700,104.6700,1171338
2018-01-22,103.5800,104.1700,103.1400,103.3600,1074935
2018-01-19,103.3700,103.8900,102.8400,103.1500,1226718
2018-01-18,104.3200,104.3200,102.8600,103.4700,1114421
2018-01-17,104.4500,104.5200,103.5200,104.0900,1296580
2018-01-16,104.1500,104.6600,102.9700,104.1400,2154654
2018-01-12,104.9200,104.9200,103.2200,103.9200,1292415
2018-01-11,104.7100,105.1100,103.6800,103.9300,941300
2018-01-10,105.3900,105.5600,103.8400,104.6400,2093863
2018-01-09,106.5500,106.9700,105.5200,105.6800,867065
2018-01-08,106.3600,107.0400,106.1500,106.9800,681640
2018-01-05,106.7100,106.8800,105.5900,106.2000,1230022
2018-01-04,107.6100,108.5000,106.2200,106.3000,923205
2018-01-03,108.2700,109.1000,107.3400,108.1000,1146518
2018-01-02,109.6800,110.4900,108.3500,108.4500,988672
2017-12-29,109.7600,110.1000,109.1800,109.4600,632548
2017-12-28,108.9500,109.6800,108.7900,109.6100,805861
2017-12-27,108.3300,108.7500,108.1400,108.7400,457325
2017-12-26,108.5100,109.2600,108.0800,108.1300,602879
2017-12-22,108.6600,108.8900,108.1500,108.7200,692504
2017-12-21,108.0000,108.6200,107.5800,108.2500,706546
2017-12-20,108.9500,109.6400,108.2000,108.2500,791140
2017-12-19,111.2400,111.3100,108.9500,109.0100,928239
2017-12-18,113.3200,113.6900,110.8100,111.1600,931724
2017-12-15,113.2400,114.0000,112.7000,113.2300,1636719
2017-12-14,113.8200,114.1700,112.7600,113.6200,754801
2017-12-13,114.1400,114.4800,113.6400,113.8200,793557
2017-12-12,116.0000,116.2900,113.9300,114.0100,1051787
2017-12-11,115.2800,116.0600,114.8000,115.9900,674918
2017-12-08,114.8200,115.5500,114.5200,115.4900,1304192
2017-12-07,114.9500,115.0900,114.4600,115.0700,884596
2017-12-06,114.6800,115.1500,114.1200,115.0000,1065428
2017-12-05,115.4400,115.5950,113.2400,114.3500,891566
2017-12-04,115.5200,116.7400,114.9400,115.5300,1269153
2017-12-01,116.0000,116.4000,114.6200,115.2100,673516
2017-11-30,114.6800,115.8500,114.1600,115.5700,1112754
2017-11-29,114.1100,115.4400,113.7500,114.5600,1044878
2017-11-28,113.8700,114.3600,113.6000,114.3400,652538
2017-11-27,112.5000,113.8700,112.5000,113.6400,1483941
2017-11-24,112.8300,113.4050,112.6100,112.6500,181970
2017-11-22,112.6200,112.9450,112.2000,112.6200,1040007
2017-11-21,112.6400,112.7800,112.2900,112.6400,717418
2017-11-20,112.9800,113.3500,112.0000,112.2300,739178
2017-11-17,113.6400,114.0800,112.5500,112.9200,968891
2017-11-16,114.4900,114.6700,113.8500,113.9900,811617
2017-11-15,115.8300,116.2100,114.3900,114.4700,720248
2017-11-14,113.8200,115.7000,113.6800,115.5800,700434
2017-11-13,112.7200,114.3300,112.5000,114.2400,1062761
2017-11-10,112.7500,112.9400,112.1900,112.4500,632372
2017-11-09,112.9400,113.5300,112.8100,113.2200,528370
2017-11-08,112.6400,113.3800,112.4300,113.1900,737124
2017-11-07,111.7100,113.0500,111.3500,112.8100,841454
2017-11-06,111.3200,112.2200,110.3300,111.5800,1032082
2017-11-03,110.6300,112.1100,110.5100,110.9000,1324799
2017-11-02,110.4200,111.0200,109.9400,110.8000,1679542
2017-11-01,110.9400,111.6100,109.5800,110.2800,1249511
2017-10-31,110.1200,110.9200,109.6800,110.4600,831037
2017-10-30,110.8000,110.8700,109.9900,110.3400,905315
2017-10-27,110.1900,111.2100,109.9500,110.8300,865441
2017-10-26,111.2200,112.1700,110.0400,110.1200,1325136
2017-10-25,112.7000,112.9700,108.5400,110.7900,2416039
2017-10-24,112.5300,112.9800,111.6700,112.7000,1797086
2017-10-23,112.6600,113.2700,111.9700,113.0500,1169175
2017-10-20,111.9900,112.3400,111.5300,112.2400,983033
2017-10-19,110.7300,112.1400,110.1300,112.1400,881848
2017-10-18,109.9600,110.5900,109.5500,110.5500,922353
2017-10-17,109.6300,110.3800,109.3300,110.1600,841618
2017-10-16,109.6500,110.2400,109.2400,109.6300,923152
2017-10-13,110.9900,111.4200,109.7700,109.8900,929564
2017-10-12,109.9200,110.7300,109.3000,110.6700,631653
2017-10-11,109.3300,110.1800,109.2000,109.7000,717923
2017-10-10,108.0000,109.3900,107.7430,109.2900,844465
2017-10-09,107.8900,108.0900,107.6500,107.9300,482646
2017-10-06,107.4500,108.0600,106.9300,107.6800,710143
2017-10-05,107.6900,108.2800,107.0850,107.7500,977303
2017-10-04,106.6800,107.6000,106.3500,107.5500,1408033
2017-10-03,107.2400,107.2400,106.2100,106.6000,854390
2017-10-02,107.7600,107.9000,107.1350,107.3700,836119
2017-09-29,107.4600,108.0900,107.0725,107.3600,882042
2017-09-28,107.0400,107.8700,106.2100,107.6600,865965
2017-09-27,108.8500,109.2400,106.8244,107.2400,767660
2017-09-26,109.6000,109.9300,108.9000,109.5300,953103
2017-09-25,108.2900,109.7800,108.2000,109.7400,699044
2017-09-22,109.2200,109.2500,108.1700,108.3800,633074
2017-09-21,108.8800,109.4600,108.6400,109.0200,538579
2017-09-20,110.4900,110.6700,108.3700,108.8800,1239288
2017-09-19,110.4500,110.5200,109.6800,110.1800,755978
2017-09-18,111.4000,111.4900,109.8900,110.5300,895310
2017-09-15,111.0600,111.5300,110.5900,111.4500,1366276
2017-09-14,110.1500,111.6100,110.0000,111.5800,825358
2017-09-13,111.3000,111.3000,110.2300,110.2300,961943
2017-09-12,113.1400,113.4300,111.1000,111.2900,624441
2017-09-11,112.7500,113.7100,112.4000,113.5100,431408
2017-09-08,111.8300,112.9600,111.5900,112.8400,656255
2017-09-07,111.9500,112.2900,111.4600,111.8600,726447
2017-09-06,113.0000,113.0000,111.6200,111.6800,914252
2017-09-05,112.2200,112.8000,111.9900,112.7700,529329
2017-09-01,112.5000,112.5900,111.8700,112.1200,432092
2017-08-31,112.0600,112.4800,111.6600,112.3200,629625
2017-08-30,112.0000,112.3900,111.6700,111.9700,498515
2017-08-29,112.2900,112.5800,112.0200,112.1100,511991
2017-08-28,111.6900,112.3500,111.6900,112.1400,549085
2017-08-25,111.9100,112.2400,111.5000,111.5000,736721
2017-08-24,111.8300,112.1500,111.6600,111.7400,461737
2017-08-23,111.3300,111.9400,110.9600,111.8900,497651
2017-08-22,111.0200,111.4201,110.7400,111.3700,454223
2017-08-21,110.7800,111.0100,110.5000,110.8900,555227
2017-08-18,109.8200,111.0100,109.6000,110.6300,1396453
2017-08-17,109.8700,110.3500,109.7600,109.9000,746319
2017-08-16,109.3500,109.9000,109.1400,109.8800,662271
2017-08-15,108.7000,109.5250,108.7000,109.1700,711605
2017-08-14,108.0600,109.0500,108.0000,109.0500,531444
2017-08-11,109.2800,109.2800,107.5100,107.8700,586479
2017-08-10,108.5100,109.1400,108.1500,109.0600,612569
2017-08-09,109.7600,109.7600,108.5100,108.5300,562491
2017-08-08,108.7700,109.4300,108.6455,109.4000,480959
2017-08-07,108.9200,108.9900,108.5300,108.9300,514995
2017-08-04,108.5500,108.9900,108.1700,108.9400,797721
2017-08-03,107.2500,108.8900,107.2500,108.8700,777049
2017-08-02,106.5200,107.6000,106.1550,107.6000,762196
2017-08-01,107.3000,107.4300,106.5400,106.9900,1243369
2017-07-31,106.7800,107.2700,106.3500,107.0600,858265
2017-07-28,107.3700,107.4700,106.5000,106.7200,637280
2017-07-27,107.3500,107.4500,106.4800,107.3500,1184850
2017-07-26,107.0000,108.0000,105.8000,107.3800,955819
2017-07-25,106.4500,106.5800,105.7000,106.3000,938650
2017-07-24,107.9700,107.9700,106.3700,106.3700,950862
2017-07-21,106.7300,107.9500,106.5550,107.9400,675563
2017-07-20,106.3100,106.9300,106.0600,106.7700,1223606
2017-07-19,105.8500,106.1100,105.2800,105.9400,801002
2017-07-18,106.2000,106.2800,105.6200,105.7500,1566723
2017-07-17,105.3800,106.1800,104.9750,106.0800,864705
2017-07-14,105.5200,105.8700,105.1700,105.3900,484135
2017-07-13,105.3700,105.8000,104.8000,104.8900,694112
2017-07-12,105.5400,105.8500,105.2600,105.5900,679213
2017-07-11,105.0000,105.2100,104.1900,104.6800,1059835
2017-07-10,105.5300,105.7600,104.9000,104.9300,832394
2017-07-07,105.3600,105.7800,105.1500,105.2600,701816
2017-07-06,105.1900,105.4100,104.8500,105.1700,944759
2017-07-05,105.6500,105.8000,104.8700,105.4400,1150164
2017-07-03,106.0500,106.3500,105.4400,105.5400,621628
2017-06-30,106.2200,106.7100,105.7300,105.7900,1040150
2017-06-29,105.7500,106.2900,105.1300,105.9200,1275955
2017-06-28,108.1400,108.3000,106.1800,106.2400,1209305
2017-06-27,109.0200,109.3550,107.5000,107.6700,742027
2017-06-26,109.0000,110.2400,108.5400,109.4000,583688
2017-06-23,109.4800,109.9500,108.7200,108.8900,955652
2017-06-22,110.0400,110.2800,109.5600,109.5800,732836
2017-06-21,111.0100,111.1300,109.3900,110.1300,759945
2017-06-20,110.8700,111.3500,110.7900,111.0200,762700
2017-06-19,111.1600,111.1600,110.3600,110.9000,696912
2017-06-16,110.9100,111.2400,110.6500,111.1900,1362602
2017-06-15,109.6700,110.6800,109.2000,110.5600,880396
2017-06-14,110.1000,110.6400,109.9600,110.4900,760734
2017-06-13,108.8500,109.4500,108.5400,109.4100,446905
2017-06-12,109.1900,109.5100,108.0100,108.9700,740200
2017-06-09,108.6600,109.1000,108.2700,108.9800,777981
2017-06-08,110.3500,110.6700,108.4000,108.9800,1332441
2017-06-07,110.4500,110.8800,110.0800,110.6300,608309
2017-06-06,110.5300,110.6600,109.9700,110.1600,538848
2017-06-05,110.6100,110.8950,110.0800,110.2100,611649
2017-06-02,111.1800,111.1800,110.2900,110.9300,574146
2017-06-01,109.3800,110.4700,108.8800,110.4100,652358
2017-05-31,109.2200,109.8900,109.1600,109.5200,842111
2017-05-30,108.8800,109.4900,108.4100,109.1500,871745
2017-05-26,108.5200,109.1800,108.4900,108.8800,454677
2017-05-25,108.0400,109.0800,107.6000,108.9800,687123
2017-05-24,107.2800,107.9500,107.2500,107.9200,540644
2017-05-23,107.0000,108.2500,106.9500,107.3700,542588
2017-05-22,105.9600,107.1200,105.9350,107.0400,762657
2017-05-19,105.4300,106.1100,104.6100,106.0300,891678
2017-05-18,105.5400,106.2050,104.5900,105.3400,663630
2017-05-17,104.9600,105.7100,104.8200,105.1700,625724
2017-05-16,105.8500,106.1500,104.6500,104.8000,522672
2017-05-15,105.3200,106.0100,105.1100,105.9500,635493
2017-05-12,104.8200,105.4300,104.8000,105.4200,515774
2017-05-11,104.2000,104.7700,103.8400,104.7600,544588
2017-05-10,103.9900,104.6250,103.9500,104.6200,643366
2017-05-09,104.4800,104.5000,103.7800,103.9700,502307
2017-05-08,104.7600,104.7600,103.8300,104.4900,511571
2017-05-05,104.4600,105.1500,104.2800,104.5400,666347
2017-05-04,103.7800,104.2800,103.2810,104.1900,953256
2017-05-03,104.0900,104.3900,103.8000,103.8400,478313
2017-05-02,104.1500,104.5300,103.8400,104.2600,640213
2017-05-01,104.7600,104.7600,103.5600,103.9400,480587
2017-04-28,104.9900,105.0600,104.2700,104.5900,834893
2017-04-27,104.6800,105.8100,104.3600,105.0700,1330777
2017-04-26,104.0400,105.1599,104.0100,104.4400,1223041
2017-04-25,104.0700,104.5300,103.8200,104.2800,760622
2017-04-24,104.1500,104.4700,103.5800,104.4500,973765
2017-04-21,103.4000,104.4100,103.4000,103.9500,1639941
2017-04-20,103.7200,103.7200,102.7300,103.4400,904558
2017-04-19,104.4500,104.5300,103.4100,103.8400,531951
2017-04-18,104.4000,104.8400,104.1000,104.4200,658740
2017-04-17,103.6100,104.5100,103.6100,104.4400,942146
2017-04-13,103.9300,104.1000,102.8900,103.5100,826603
2017-04-12,103.2900,104.0900,102.7900,103.9600,945090
2017-04-11,103.2000,103.4400,102.5500,103.1300,756107
2017-04-10,102.8400,103.4300,102.3300,103.2000,909309
2017-04-07,103.1800,103.6200,102.8200,102.9700,790042
2017-04-06,102.7800,103.1900,102.3700,102.9700,772824
2017-04-05,102.1500,103.2500,101.8800,103.1300,1106120
2017-04-04,101.8100,102.6700,101.3500,102.2400,747799
2017-04-03,101.9500,102.0900,100.9700,101.6600,1273089
2017-03-31,101.2100,102.2200,101.2100,102.1100,1355842
2017-03-30,101.5600,101.9000,100.9700,101.2700,579370
2017-03-29,101.4700,102.0400,100.9300,101.7800,844965
2017-03-28,101.7200,102.2400,101.2400,101.7000,861897
2017-03-27,102.5900,102.8600,101.4400,101.8900,765541
2017-03-24,101.7500,102.3400,101.4700,102.1700,577782
2017-03-23,101.7300,102.5900,101.3600,101.6000,642054
2017-03-22,101.9900,102.6000,101.4200,101.8800,760539
2017-03-21,100.1800,101.8900,100.1800,101.4700,979593
2017-03-20,100.9900,101.3100,100.0100,100.2300,671393
2017-03-17,100.4600,101.4500,100.2400,100.9000,1687596
2017-03-16,101.4300,101.4300,99.8250,100.2100,988267
2017-03-15,100.9000,102.9600,100.4900,102.5600,1010505
2017-03-14,100.7300,100.8400,100.1700,100.4900,766211
2017-03-13,100.2500,100.6900,100.0300,100.6100,893368
2017-03-10,100.4000,100.6900,99.8500,100.2600,911209
2017-03-09,100.1100,100.8600,99.4500,99.7200,1041642
2017-03-08,100.6400,100.8753,99.9200,100.1100,885219
2017-03-07,101.5700,101.9300,101.3400,101.5500,1025996
2017-03-06,100.9600,101.9525,100.6600,101.6600,922465
2017-03-03,101.6400,101.6400,100.4700,101.1300,1069230
2017-03-02,100.8100,102.1000,100.5600,101.5400,630170
2017-03-01,100.6200,101.8100,99.6000,100.9200,1112347
2017-02-28,100.8600,101.5500,100.6000,101.3800,865269
2017-02-27,100.9300,100.9300,100.1550,100.6000,474932
2017-02-24,100.5700,101.4900,100.3200,101.0900,1014882
2017-02-23,99.4000,100.2300,99.1900,100.0800,1030213
2017-02-22,98.7900,99.3810,98.4300,99.2900,689761
2017-02-21,98.1300,99.1600,97.7000,98.9500,720793
2017-02-17,98.7700,98.8300,97.5900,98.1200,797231
2017-02-16,97.9600,99.0000,97.6100,98.6700,1096065
2017-02-15,97.4700,98.1000,97.1500,97.9600,1022280
2017-02-14,97.5900,98.4300,97.5900,98.2100,1369634
2017-02-13,97.3900,98.1100,97.2100,98.0700,813455
2017-02-10,96.8300,97.5650,96.5600,97.3600,1173396
2017-02-09,98.0500,98.9800,96.7900,97.2100,1747713
2017-02-08,98.6300,99.1900,98.2100,98.7300,1211327
2017-02-07,98.4400,98.6680,98.0300,98.4000,896156
2017-02-06,98.9000,99.2500,97.9100,98.1100,1151224
2017-02-03,99.1300,99.2900,98.4500,99.0100,1271800
2017-02-02,98.1500,99.3700,97.7200,98.9500,949372
2017-02-01,98.2000,98.7000,97.1800,97.9300,1397760
2017-01-31,97.3800,98.7900,97.2700,98.6400,1273760
2017-01-30,97.4400,97.5500,96.5800,97.1500,837845
2017-01-27,98.3500,98.6200,96.9900,97.1000,986478
2017-01-26,97.9200,98.6500,97.6700,98.2200,599031
2017-01-25,97.5400,98.0100,97.0100,97.9400,1128460
2017-01-24,97.7800,98.2600,97.5600,97.9600,484291
2017-01-23,98.5700,98.6700,97.9300,98.0300,442061
2017-01-20,98.4700,99.0700,98.0300,98.4000,622748
2017-01-19,98.3500,98.7000,97.7250,98.1400,1255261
2017-01-18,99.0100,99.4600,98.7200,98.8900,782422
2017-01-17,98.5500,99.4900,98.4300,99.2000,579360
2017-01-13,98.3200,98.9500,97.9000,98.3000,689492
2017-01-12,98.4100,98.6300,97.8600,98.3700,613827
2017-01-11,97.4300,98.5100,97.3200,98.4100,710605
2017-01-10,97.9300,97.9600,97.0900,97.4300,1038989
2017-01-09,98.5000,99.0700,97.7500,97.8800,1581944
2017-01-06,98.3500,99.1500,98.1500,98.8600,996644
2017-01-05,98.6200,98.7850,97.7100,98.6000,1249123
2017-01-04,98.3400,99.0450,98.0700,98.4700,1075437
2017-01-03,98.7400,98.8300,97.8200,98.2100,1210306
2016-12-30,99.0400,99.2900,98.1700,98.5100,571441
2016-12-29,98.1600,99.0600,97.8700,98.9300,588714
2016-12-28,98.7800,98.7800,97.7500,97.9300,528576
2016-12-27,98.5600,98.8200,98.0400,98.6500,388890
2016-12-23,98.8300,99.2500,98.4050,98.7400,659076
2016-12-22,98.2800,98.9000,97.7200,98.5100,555617
2016-12-21,98.4900,99.0000,98.1600,98.2100,595716
2016-12-20,98.2700,99.0000,97.9500,98.6200,782363
2016-12-19,98.5800,98.6900,97.6500,98.2800,1069124
2016-12-16,96.6500,98.4400,96.6500,98.2000,1450663
2016-12-15,96.1300,96.7600,95.2300,96.6900,1079829
2016-12-14,99.4900,99.9150,96.6200,96.9100,1450473
2016-12-13,98.4900,99.1000,98.1000,98.9100,932323
2016-12-12,97.1000,98.5000,96.6100,98.4200,1034271
2016-12-09,96.3000,97.6000,96.1100,97.4500,873422
2016-12-08,96.1900,96.6000,95.1700,96.1900,1105416
2016-12-07,95.3800,97.0600,95.3800,96.9000,1446511
2016-12-06,95.2400,95.8900,94.9300,95.1900,807302
2016-12-05,94.6700,95.1100,93.7600,95.0800,1499168
2016-12-02,94.3600,95.4000,94.0500,95.1300,1847535
2016-12-01,92.4900,93.6600,92.1900,93.6100,1568463
2016-11-30,94.4700,94.6900,93.0600,93.0900,1260354
2016-11-29,95.2800,96.5200,95.2200,95.8000,765363
2016-11-28,94.3800,96.0400,94.1550,95.8000,1075685
2016-11-25,92.8500,94.2400,92.8500,94.0300,434756
2016-11-23,92.8200,93.8700,92.4600,92.6600,870503
2016-11-22,93.0300,94.2500,92.5000,93.8300,1592547
2016-11-21,91.5700,92.3000,91.3500,92.2800,773393
2016-11-18,91.6300,92.2200,90.9100,91.2200,877234
2016-11-17,91.5500,92.3100,91.3700,91.6800,723526
2016-11-16,93.4500,94.0850,91.3100,91.9600,1269622
2016-11-15,91.8800,93.9200,91.8600,93.3900,1745368
2016-11-14,90.6900,91.7900,90.0050,91.3800,1379953
2016-11-11,91.0600,92.5400,90.7100,90.9700,812703
2016-11-10,92.2000,92.2300,89.6600,91.2800,1757188
2016-11-09,94.7500,94.7500,92.2600,92.3700,1375515
2016-11-08,95.4800,96.7800,95.1100,96.1500,1009438
2016-11-07,93.6100,95.3300,92.7500,95.2900,825063
2016-11-04,93.8500,94.7100,93.0700,93.0900,1069156
2016-11-03,92.7900,93.6800,92.4400,93.2700,706895
2016-11-02,94.2200,94.2200,92.4500,93.1800,907984
2016-11-01,96.0000,96.0000,94.1500,94.2900,949207
2016-10-31,94.3500,96.5400,94.1700,96.0100,1492263
2016-10-28,93.6600,94.4200,93.3900,93.9400,1048267
2016-10-27,93.4300,94.0300,93.0700,93.6900,1655626
2016-10-26,94.5400,94.6700,93.0800,93.9000,1204791
2016-10-25,92.8600,94.0200,92.8300,93.9900,1152508
2016-10-24,93.1100,93.5000,92.4900,93.1400,969780
2016-10-21,92.1600,93.1300,92.1600,92.7500,956871
2016-10-20,93.0000,93.8500,92.7100,93.1100,1181832
2016-10-19,92.9100,93.0650,92.1600,92.7600,826530
2016-10-18,92.9200,93.2200,91.8000,92.8400,1239579
2016-10-17,92.2600,92.6600,91.9700,92.3900,1252096
2016-10-14,92.4800,92.8100,91.9200,92.0000,1144518
2016-10-13,91.8200,93.1200,91.6600,92.7300,1978568
2016-10-12,91.4600,92.2000,91.2400,91.7500,1218700
2016-10-11,92.1600,92.2900,91.4000,91.6000,1520657
2016-10-10,92.0500,92.6000,91.9100,92.3500,1391548
2016-10-07,92.8400,93.4400,91.7900,91.8100,2191820
2016-10-06,91.4400,92.6200,90.9200,92.2200,2443445
2016-10-05,91.5600,92.6100,90.7500,91.8200,2664086
2016-10-04,92.7400,92.7800,90.7900,91.2100,2700123
2016-10-03,93.4500,93.5700,91.8700,92.8400,1872646
2016-09-30,93.4400,94.8500,93.4400,93.6700,3205572
2016-09-29,94.3900,94.3900,92.9600,93.0500,2965100
2016-09-28,95.4400,95.5200,94.0400,94.8800,1298583
2016-09-27,97.0300,97.5999,94.9500,95.0700,1812264
2016-09-26,96.7700,97.2500,96.3900,96.6300,787922
2016-09-23,96.1400,97.2500,95.5800,96.8500,1135841
2016-09-22,96.1300,96.5590,95.5500,96.1600,890972
2016-09-21,93.7900,95.9400,93.7900,95.8500,1241945
2016-09-20,94.8000,95.0000,93.8800,93.8900,744910
2016-09-19,93.8000,94.4700,93.6100,94.4000,939090
2016-09-16,92.0800,93.6800,91.5700,93.5600,1513406
2016-09-15,91.6200,92.4400,91.1100,92.3200,322215
2016-09-14,91.5100,92.4300,91.3000,92.3500,361066
2016-09-13,92.3900,92.3900,90.6100,91.3500,1023675
2016-09-12,91.1600,92.8000,90.9200,92.5600,1194503
2016-09-09,94.0900,94.0900,90.9500,91.0000,1113548
2016-09-08,94.0700,94.8300,93.8600,94.5000,951481
2016-09-07,94.0500,94.6400,93.4510,94.5400,1005554
2016-09-06,93.5500,94.8000,93.4700,94.1600,818167
2016-09-02,92.2400,93.3850,92.0200,93.2000,837924
2016-09-01,92.7500,92.9100,91.9700,92.2100,878573
2016-08-31,92.5900,93.0400,92.2400,92.9000,1089476
2016-08-30,93.6400,93.9850,92.3300,92.4900,546053
2016-08-29,92.9100,93.7100,92.9100,93.5200,848910
2016-08-26,95.2400,95.6400,92.4900,92.5900,876914
2016-08-25,94.9300,95.3799,94.6600,95.1600,687645
2016-08-24,94.4300,94.9700,93.8000,94.9300,738723
2016-08-23,95.2000,95.5700,94.5900,94.6100,584394
2016-08-22,94.9000,95.4099,94.6400,95.1200,445775
2016-08-19,96.2800,96.5350,94.2400,94.7000,1443409
2016-08-18,94.9400,96.6800,94.9400,96.6800,2067050
2016-08-17,93.2300,95.4100,92.6750,95.0700,1824244
2016-08-16,94.5000,94.5000,93.3200,93.6800,1349869
2016-08-15,96.3800,96.6250,94.7200,94.7600,716601
2016-08-12,96.2200,96.9700,96.2100,96.3800,706888
2016-08-11,95.6400,95.9400,95.2700,95.8800,702895
2016-08-10,95.6000,95.7900,95.0600,95.5700,583395
2016-08-09,95.1800,95.7700,94.7750,95.3000,571872
2016-08-08,95.2400,95.9500,94.6100,95.0900,761138
2016-08-05,96.6800,96.7200,94.9050,95.1000,1101610
2016-08-04,96.6700,97.6500,96.5250,96.9200,587761
2016-08-03,98.0200,98.2240,96.2400,96.6700,891579
2016-08-02,98.1800,98.4400,97.6200,98.1400,1402958
2016-08-01,97.3800,98.2550,97.2500,98.1800,1687085
2016-07-29,97.0200,97.6800,97.0200,97.5200,2480636
2016-07-28,97.2700,97.6800,96.9450,97.1000,1835379
2016-07-27,98.0300,98.1100,96.5700,97.2300,1282678
2016-07-26,99.1800,99.2900,97.8800,98.0000,1255874
2016-07-25,99.1200,99.4000,98.5300,98.8200,1223089
2016-07-22,98.2900,99.7000,98.1750,99.4100,956462
2016-07-21,97.2500,98.4800,96.9600,98.3600,729116
2016-07-20,98.0000,98.2900,97.3500,97.5300,427748
2016-07-19,98.0600,98.4000,97.5900,98.0500,562689
2016-07-18,97.8600,98.4000,97.7900,97.9800,556369
2016-07-15,97.2600,97.8000,97.1000,97.6600,1001317
2016-07-14,97.4900,97.9800,96.8650,97.0900,1159331
2016-07-13,98.1800,98.4700,97.8700,98.1000,965145
2016-07-12,98.1500,98.6700,97.3200,97.6800,712643
2016-07-11,98.7500,99.0200,97.6600,98.9600,497453
2016-07-08,97.8900,99.1700,97.0200,99.1400,841869
2016-07-07,99.6900,100.0200,97.9400,98.1900,752425
2016-07-06,100.1400,100.4500,99.3350,99.9500,1038494
2016-07-05,99.3800,100.2600,99.2650,100.1000,1038717
2016-07-01,99.6400,100.0000,98.2700,99.2800,1142924
2016-06-30,97.2800,99.1300,97.0600,99.1200,1432014
2016-06-29,97.1400,97.5700,96.7400,97.1000,813466
2016-06-28,96.4900,96.9000,95.4100,96.7900,1277754
2016-06-27,95.3600,96.9500,95.3600,96.4900,1479067
2016-06-24,93.4500,96.5301,93.3500,95.5800,1862690
2016-06-23,93.9100,94.0800,93.2800,94.0600,867197
2016-06-22,94.2700,94.2700,93.5800,93.7500,677448
2016-06-21,93.9100,94.6100,93.3500,94.0300,614083
2016-06-20,94.2900,94.4900,93.0900,93.9100,817497
2016-06-17,94.0700,94.4900,93.3300,94.3800,1271266
2016-06-16,92.7800,94.1600,92.7800,93.9400,919469
2016-06-15,95.0300,95.0300,93.5600,94.0000,835051
2016-06-14,93.9200,95.0300,93.4300,94.9800,1011094
2016-06-13,94.0000,94.3700,93.7100,93.8300,775943
2016-06-10,93.9900,94.4399,93.5300,93.9100,669930
2016-06-09,93.3900,94.2300,93.3500,94.0500,939456
2016-06-08,92.7100,93.4600,92.3742,93.3800,606722
2016-06-07,92.7900,93.2600,92.5100,92.7000,546912
2016-06-06,92.8300,93.1400,92.1400,92.5900,633867
2016-06-03,92.0000,93.2700,91.9400,92.8300,641654
2016-06-02,90.9100,91.1100,90.0200,91.1100,528878
2016-06-01,90.6000,91.1400,90.4200,91.1200,698311
2016-05-31,90.0400,90.7700,89.8300,90.6800,1127767
2016-05-27,89.8100,90.2400,89.4400,90.2100,564953
2016-05-26,88.7500,89.9000,88.4300,89.7200,604292
2016-05-25,89.0000,89.1000,88.3600,88.6900,757072
2016-05-24,88.1000,89.3490,88.0000,89.2200,687844
2016-05-23,88.7000,88.7900,87.6900,87.7500,478025
2016-05-20,88.9700,88.9700,88.1200,88.6900,774000
2016-05-19,87.3900,88.6800,86.8100,88.6500,629803
2016-05-18,88.5200,89.6800,87.3400,87.7200,960143
2016-05-17,90.6000,90.7600,88.7000,89.1200,789535
2016-05-16,90.7100,91.0300,90.1600,90.8800,480991
2016-05-13,91.2900,91.4100,90.3669,90.8700,532997
2016-05-12,90.8100,91.5700,90.2400,91.3300,628135
2016-05-11,90.4100,90.8200,89.6700,90.6900,764991
2016-05-10,90.6400,90.7900,90.0500,90.2800,793771
2016-05-09,90.2300,90.4900,89.8100,90.3400,1151907
2016-05-06,91.0800,91.0800,89.5600,90.0400,1338267
2016-05-05,90.9500,92.3200,90.7140,91.1000,953267
2016-05-04,89.5100,91.9500,89.5100,91.2100,1089965
2016-05-03,90.0400,90.5400,89.2900,89.7000,894115
2016-05-02,89.0900,90.4900,88.7800,90.1300,1383801
2016-04-29,87.5600,89.3200,86.9800,89.1600,1633699
2016-04-28,86.4700,88.1300,86.3600,88.0500,751254
2016-04-27,86.4600,88.0300,85.8300,87.4500,944066
2016-04-26,86.1900,87.0400,85.4700,86.0700,866834
2016-04-25,85.6900,86.2800,85.3700,86.2700,839700
2016-04-22,85.5500,86.2400,85.2100,85.7700,778833
2016-04-21,86.8000,86.9600,84.7700,85.0700,1154370
2016-04-20,89.5000,89.8000,86.9300,87.0600,699394
2016-04-19,89.2600,89.5800,88.9900,89.5500,641550
2016-04-18,89.1100,89.3200,88.4900,89.2400,753548
2016-04-15,88.5800,89.2900,88.1400,89.1200,813345
2016-04-14,88.5700,88.9000,88.1000,88.2800,814575
2016-04-13,89.4000,89.4600,88.0000,88.6900,829351
2016-04-12,88.9400,89.2300,88.6001,89.0900,725590
2016-04-11,89.0800,89.6900,88.5600,88.5900,848033
2016-04-08,89.0000,89.7800,88.5450,89.0000,663562
2016-04-07,88.6600,89.3200,88.5400,88.7700,999044
2016-04-06,88.9300,89.2400,88.4300,88.9900,790387
2016-04-05,90.5000,90.7200,88.9200,89.0500,1298596
2016-04-04,91.0500,91.2300,89.8400,90.7200,939026
2016-04-01,90.6200,91.2000,89.9400,91.0500,1111045
2016-03-31,90.7200,90.9300,90.1900,90.6600,1087045
2016-03-30,90.9300,91.0000,90.2500,90.7200,679731
2016-03-29,89.2600,90.9100,88.9400,90.8700,891304
2016-03-28,89.5000,90.0300,88.9100,89.2800,594727
2016-03-24,88.9900,89.6200,88.7400,89.4600,739905
2016-03-23,88.4400,89.7100,87.9150,89.3900,956134
2016-03-22,88.8000,89.3100,88.2600,88.3700,846855
2016-03-21,88.4900,89.3100,87.7200,88.9100,688271
2016-03-18,89.6700,89.7900,88.6150,88.9100,2058862
2016-03-17,89.1000,89.7100,88.3100,89.4600,1432060
2016-03-16,87.9600,89.7200,87.3200,89.4800,1148699
2016-03-15,87.7500,88.7200,87.6900,88.3700,692460
2016-03-14,88.1500,88.5300,87.6300,88.0600,603632
2016-03-11,88.4800,88.8300,87.8500,88.2500,951797
2016-03-10,87.7000,88.3200,87.1901,88.0000,810859
2016-03-09,88.3300,88.5800,87.5900,87.9300,1117113
2016-03-08,86.2200,87.6000,85.7300,87.2600,1419996
2016-03-07,84.5300,86.1800,84.3900,86.1700,1258374
2016-03-04,83.5800,85.0800,83.2700,84.8600,918506
2016-03-03,84.2500,84.2500,82.6000,84.0100,1183760
2016-03-02,83.4600,84.1501,81.7500,84.0600,1067063
2016-03-01,84.6100,84.8000,83.1500,83.8300,1358802
2016-02-29,84.2000,85.0100,84.0100,84.1200,1250082
2016-02-26,86.4600,86.7300,84.2600,84.2900,1152868
2016-02-25,86.3300,87.0400,86.0000,86.9700,568924
2016-02-24,85.6900,86.3900,85.2000,86.0600,685867
2016-02-23,84.9700,86.0500,84.7201,85.7600,663957
2016-02-22,85.0200,85.7500,84.6900,85.3900,800577
2016-02-19,84.9500,85.2100,84.1100,84.7200,873455
2016-02-18,84.3700,85.6900,84.0400,85.1400,997885
2016-02-17,84.5500,84.8300,83.5700,84.2200,1315108
2016-02-16,83.6400,84.6300,83.2250,84.5400,1353725
2016-02-12,83.7400,84.5100,82.9300,83.7200,1005072
2016-02-11,85.9300,86.4500,84.0300,84.0800,1503059
2016-02-10,85.6300,86.7800,83.8000,85.7900,2244419
2016-02-09,86.0300,87.1200,85.7900,86.8500,1460677
2016-02-08,86.8400,87.8100,85.2400,86.2200,1757972
2016-02-05,86.1800,86.8600,85.0350,86.4500,1776507
2016-02-04,86.9400,87.5600,86.4350,86.6100,1388253
2016-02-03,86.6700,87.8400,86.1000,87.0900,1776546
2016-02-02,85.1500,86.3050,84.9800,86.2200,1255436
2016-02-01,84.5100,85.8400,84.2900,85.3100,1089609
2016-01-29,84.0000,85.1800,82.8100,85.0100,1528187
2016-01-28,82.0000,83.9000,81.5900,83.2500,770980
2016-01-27,81.2600,82.5400,81.0400,82.0000,988223
2016-01-26,81.1100,82.2700,80.8500,81.7000,953802
2016-01-25,81.3700,81.4300,80.5300,80.7600,862269
2016-01-22,79.9400,81.4200,79.3800,81.3300,1372673
2016-01-21,80.1800,80.7600,78.7200,79.2500,1446482
2016-01-20,81.7100,82.3900,79.5300,80.1900,2033352
2016-01-19,81.2600,82.4300,80.8700,82.2300,1704249
2016-01-15,80.2900,81.2000,79.8150,80.5400,1471655
2016-01-14,80.1900,81.8215,79.8700,81.3200,1152586
2016-01-13,80.4200,81.1800,80.0100,80.2500,1830845
2016-01-12,79.7700,79.7700,78.4600,79.6000,1526175
2016-01-11,78.5900,79.3700,78.5800,79.1500,1846519
2016-01-08,78.7200,79.1600,78.2500,78.3800,1581323
2016-01-07,78.7800,79.4900,78.4900,78.7200,1421447
2016-01-06,79.3700,80.0700,79.1300,79.5900,2098595
2016-01-05,78.9600,80.1000,78.0100,79.9500,1259081
2016-01-04,79.5000,79.6700,78.4200,79.1400,1408290
2015-12-31,81.4300,81.6700,79.3400,80.1900,979944
2015-12-30,81.5900,81.9250,81.2300,81.5400,1153460
2015-12-29,80.9700,81.8800,80.7900,81.4400,878147
2015-12-28,79.8000,80.6900,79.5901,80.6600,759937
2015-12-24,79.8200,80.2300,79.7000,79.8800,327910
2015-12-23,79.3500,80.1300,79.2700,80.0100,668979
2015-12-22,78.8700,79.3000,77.9700,79.0800,891385
2015-12-21,79.1600,79.6100,77.9800,78.6600,1086140
2015-12-18,79.8700,79.9700,78.5000,78.8800,1598077
2015-12-17,80.3000,80.6600,79.6900,79.9500,1156071
2015-12-16,79.4900,81.0500,79.2200,80.8900,1057360
2015-12-15,78.6600,79.8500,78.6600,79.1200,774401
2015-12-14,78.3400,78.7200,77.3500,78.4700,1373104
2015-12-11,78.6100,79.2500,78.2400,78.3300,1161264
2015-12-10,80.1400,80.2700,78.6100,78.9200,1266715
2015-12-09,80.3400,81.3500,79.7800,80.2100,1689307
2015-12-08,81.0000,81.2200,80.0000,80.6200,857661
2015-12-07,80.3200,81.2000,80.0200,81.1800,1071380
2015-12-04,78.7600,80.8000,78.5300,80.5300,1352183
2015-12-03,78.7000,78.9600,77.9500,78.2700,1682918
2015-12-02,80.4000,80.5100,78.6100,78.6800,1350814
2015-12-01,80.9400,81.0500,80.0000,80.6700,1166296
2015-11-30,80.1900,81.1200,80.1400,80.4900,1307649
2015-11-27,79.8800,80.6200,79.5850,80.1700,297639
2015-11-25,80.2100,80.2100,79.4800,79.8800,590633
2015-11-24,80.1500,80.4000,79.3600,80.2100,922006
2015-11-23,81.3400,81.6700,80.3575,80.5300,650042
2015-11-20,81.2900,81.8900,81.0200,81.3800,1453067
2015-11-19,80.3400,81.3800,80.0700,80.9300,1092576
2015-11-18,79.2900,80.0250,78.2600,79.8800,1571453
2015-11-17,80.8000,81.4400,79.3200,79.5500,843458
2015-11-16,79.3900,81.1000,79.3600,81.0600,1119770
2015-11-13,80.2100,80.8000,79.3300,79.5300,919162
2015-11-12,80.7600,81.5400,79.7979,80.0300,965304
2015-11-11,80.3400,81.0300,80.1700,81.0000,1100976
2015-11-10,79.4600,80.4100,79.2200,80.2000,1183530
2015-11-09,79.0000,79.7700,78.7100,79.3000,1444009
2015-11-06,81.7300,81.8100,79.1900,79.3900,2058965
2015-11-05,82.5300,83.4800,82.3800,83.0000,1225793
2015-11-04,82.4600,83.1766,82.2503,82.7100,676942
2015-11-03,81.7800,82.5200,81.4700,82.4600,851842
2015-11-02,81.6000,82.2700,81.1200,82.1600,834255
2015-10-30,81.3800,82.0700,80.9800,81.5900,761301
2015-10-29,81.6600,82.1400,80.1200,81.1500,908377
2015-10-28,83.4700,83.8200,81.3200,82.1700,974413
2015-10-27,83.2300,83.5700,83.0100,83.4900,304138
2015-10-26,83.5700,83.6700,82.3300,83.5000,452276
2015-10-23,84.2200,85.3600,82.9800,83.3300,966519
2015-10-22,83.9300,85.0400,83.7700,84.8700,860297
2015-10-21,84.2500,84.6400,83.6000,83.7800,707952
2015-10-20,83.1400,84.2000,83.0600,83.8200,587736
2015-10-19,83.4400,83.6700,82.8400,83.6400,807747
2015-10-16,83.6600,83.9800,83.0000,83.3500,809705
2015-10-15,82.1000,83.5100,81.6600,83.2600,1151096
2015-10-14,81.5000,82.2700,81.1500,81.7600,726362
2015-10-13,81.3700,82.2100,81.0300,81.3500,1017878
2015-10-12,81.3500,82.1300,81.1700,81.6000,708901
2015-10-09,81.2700,81.3900,80.8000,81.1400,830881
2015-10-08,80.2000,81.5000,80.0000,81.3700,655246
2015-10-07,80.8900,80.9800,80.0800,80.3600,850161
2015-10-06,80.9300,81.1800,80.1700,80.7200,1142416
2015-10-05,81.0000,81.3200,80.0900,81.1200,824130
2015-10-02,80.2200,80.6000,79.0200,80.6000,1014853
2015-10-01,80.4900,80.6300,78.3900,79.3700,1227613
2015-09-30,78.7900,80.4700,78.5200,80.3700,1570026
2015-09-29,78.9200,79.1700,77.7400,78.2300,1926483
2015-09-28,79.2700,79.7500,78.6800,78.7700,1364229
2015-09-25,78.9800,80.3900,78.3900,79.2700,1614897
2015-09-24,77.9900,78.8550,77.8100,78.7600,1054193
2015-09-23,77.3700,78.4500,76.9201,78.3300,1114608
2015-09-22,77.5900,78.0900,77.0700,77.2700,1048131
2015-09-21,77.9500,78.3600,77.6550,77.9800,771375
2015-09-18,77.5400,78.6700,77.4050,77.8000,1446687
2015-09-17,77.0000,79.2800,76.7300,78.1500,1502811
2015-09-16,76.2600,77.7500,76.2300,77.6300,1320251
2015-09-15,76.0600,76.5900,75.2800,76.5000,894747
2015-09-14,76.0600,76.5300,75.6800,75.8800,661987
2015-09-11,74.8400,75.9500,74.5600,75.9400,747563
2015-09-10,74.7400,75.8500,74.7400,75.0700,838187
2015-09-09,76.3800,76.8200,75.0400,75.1500,1006781
2015-09-08,75.8900,76.5300,75.5600,76.2800,860591
2015-09-04,75.5000,75.9000,74.6400,75.0100,841215
2015-09-03,76.5100,76.9200,76.0600,76.3800,685130
2015-09-02,76.5100,76.9250,75.3700,76.0100,900250
2015-09-01,77.2100,77.5500,75.6900,76.1200,1248962
2015-08-31,78.6500,78.7100,77.2500,78.0600,1672834
2015-08-28,78.8400,79.1300,77.7400,78.8300,1031184
2015-08-27,78.4400,78.9900,77.6700,78.9700,1212763
2015-08-26,77.3400,78.0000,76.0900,77.8700,1625571
2015-08-25,79.8100,80.5900,76.5400,76.5600,1692564
2015-08-24,82.0700,82.0700,78.8300,79.2200,2037689
2015-08-21,83.6300,84.2100,83.1500,83.1500,1920705
2015-08-20,83.8700,85.1200,83.3500,84.2700,1450982
2015-08-19,83.4100,84.5250,83.1700,84.3800,1409713
2015-08-18,83.9000,84.1100,83.2800,83.6000,802460
2015-08-17,83.7300,84.3250,83.2100,84.1200,855481
2015-08-14,82.8700,83.7900,82.3800,83.6500,887517
2015-08-13,82.7000,83.4800,82.0500,83.1400,1067118
2015-08-12,81.0100,83.3100,80.7100,83.0200,1822115
2015-08-11,80.7900,81.7500,80.3300,81.1600,1078117
2015-08-10,81.2700,81.4900,80.3800,80.6400,759154
2015-08-07,79.8600,81.6000,79.4300,81.2200,1454259
2015-08-06,79.3200,79.9500,78.4400,79.8900,997289
2015-08-05,79.4000,79.6800,78.9200,79.2100,586416
2015-08-04,80.0700,80.3300,78.9700,79.0900,1022366
2015-08-03,80.5000,81.1400,79.9700,80.3600,813169
2015-07-31,79.9100,81.2700,79.9100,80.4600,881846
2015-07-30,79.0300,79.9500,78.9000,79.5500,1045338
2015-07-29,78.4600,79.3800,77.9000,79.3100,1107966
2015-07-28,78.5700,78.7800,78.1900,78.6200,1365355
2015-07-27,77.3400,79.3000,77.3200,78.6800,1433050
2015-07-24,76.5400,78.0400,76.5400,77.3600,1805850
2015-07-23,76.8600,77.0600,75.5900,76.1700,943541
2015-07-22,76.7600,77.5200,76.6101,77.1400,774748
2015-07-21,77.4100,77.5600,76.3400,76.6600,809634
2015-07-20,77.4400,77.4400,76.5800,77.4100,1015047
2015-07-17,78.2300,78.4900,77.5000,77.5100,1212612
2015-07-16,77.6800,78.6700,77.4800,78.5400,770565
2015-07-15,77.1200,77.5700,76.6300,77.5000,779899
2015-07-14,77.2500,77.8300,76.9400,77.1000,632363
2015-07-13,77.8100,77.9000,76.7500,77.2600,983998
2015-07-10,77.7100,78.4000,76.5000,77.5100,971596
2015-07-09,78.1700,78.4600,76.7200,76.8600,1190706
2015-07-08,78.2600,78.8800,77.8500,77.9600,1402288
2015-07-07,76.9200,78.9000,76.6000,78.5600,2166659
2015-07-06,76.0800,76.6400,75.8200,76.4700,1334307
2015-07-02,75.6200,76.4100,75.3900,76.2200,1327682
2015-07-01,74.7500,75.2600,74.5300,75.2400,1050894
2015-06-30,74.9300,75.0000,74.4300,74.6400,1447912
2015-06-29,75.0000,75.8500,74.6000,74.6400,1684205
2015-06-26,73.7000,74.9700,73.3900,74.9600,2025383
2015-06-25,74.0000,74.1800,73.6800,73.8900,985102
2015-06-24,74.3800,74.6800,73.7450,73.8500,941208
2015-06-23,75.1500,75.2500,74.0300,74.3600,895800
2015-06-22,75.8400,75.9900,75.1050,75.3900,605707
2015-06-19,76.0700,76.4100,75.6300,75.6900,1775744
2015-06-18,75.0200,76.2800,75.0200,76.0500,1140507
2015-06-17,74.0800,75.1300,74.0100,74.9800,1228313
2015-06-16,73.6300,74.1500,73.2300,74.1000,949940
2015-06-15,74.0600,74.3400,73.5400,73.7800,915070
2015-06-12,74.4100,74.8000,74.0600,74.0800,778089
2015-06-11,74.8600,75.3000,74.4500,74.8100,1304091
2015-06-10,74.9600,75.3000,74.5000,75.0300,1461646
2015-06-09,74.4500,74.8500,74.3400,74.5200,1479663
2015-06-08,74.9400,75.1400,74.5100,74.5300,1127297
2015-06-05,75.9400,76.0400,74.8200,74.9400,1838914
2015-06-04,76.3600,77.1100,76.2500,76.6800,1530492
2015-06-03,77.7000,77.9800,76.1200,76.6700,1128384
2015-06-02,78.8700,78.9000,77.3300,77.8400,1105604
2015-06-01,79.3300,79.7200,79.0600,79.2600,666201
2015-05-29,79.5200,79.7400,79.0000,79.2300,868053
2015-05-28,79.3200,79.7700,78.9800,79.5300,776181
2015-05-27,79.4100,79.5100,78.9400,79.2000,1175288
2015-05-26,79.5900,79.5900,78.7900,79.1600,680195
2015-05-22,79.5100,79.8700,78.9900,79.6100,636245
2015-05-21,79.6500,79.8900,79.0800,79.6600,565774
2015-05-20,79.5900,80.2900,79.3600,79.7200,752160
2015-05-19,79.3500,79.9400,79.1000,79.5300,702725
2015-05-18,78.7900,79.7600,78.7900,79.7300,891266
2015-05-15,78.3400,79.2400,78.2200,79.1400,1834834
2015-05-14,77.6800,78.3700,77.4900,78.0900,1014509
2015-05-13,78.4800,78.9200,76.7800,77.1900,1402675
2015-05-12,78.2500,78.7200,77.7100,78.2600,994092
2015-05-11,79.0200,80.1000,78.7000,78.7800,863308
2015-05-08,79.3000,79.8650,78.8500,79.2100,1220173
2015-05-07,78.2500,79.0400,78.2200,78.3900,956565
2015-05-06,78.6800,79.0100,77.1900,77.9500,1475386
2015-05-05,80.6600,80.6600,78.5800,78.6900,978821
2015-05-04,80.2700,81.2900,80.1000,80.6100,649560
2015-05-01,79.8200,80.1100,79.1500,80.0800,906810
2015-04-30,81.0600,81.0600,79.1900,79.6300,1497649
2015-04-29,81.1500,81.4900,80.5800,81.2900,960024
2015-04-28,81.1200,81.9900,80.7400,81.8700,847467
2015-04-27,83.1900,83.3180,81.2500,81.4700,1232564
2015-04-24,81.9300,83.6600,80.6700,82.8100,1406265
2015-04-23,82.0300,82.9300,81.9100,82.8200,1403023
2015-04-22,81.8900,82.1000,81.1800,81.9200,827247
2015-04-21,82.1700,82.7100,80.8600,81.1700,670831
2015-04-20,80.9000,82.8300,80.9000,82.0300,869485
2015-04-17,80.3400,81.3900,80.3400,80.7000,671322
2015-04-16,81.3000,81.3400,80.1100,80.9400,851889
2015-04-15,81.4600,82.2700,81.4400,81.4800,1035572
2015-04-14,81.0700,81.5999,80.9260,81.4200,841155
2015-04-13,81.7400,81.8300,81.0000,81.0500,1006841
2015-04-10,81.8100,82.2800,81.2600,81.7300,772349
2015-04-09,81.8500,81.8600,80.8800,81.3900,990834
2015-04-08,82.0200,82.3620,81.2400,81.8100,981074
2015-04-07,83.2900,83.3900,82.0600,82.1500,1199471
2015-04-06,82.3300,84.2700,82.1600,83.3800,1859888
2015-04-02,81.3500,82.3600,81.1700,82.0800,1520461
2015-04-01,80.6200,81.3800,79.6800,81.3800,777181
2015-03-31,80.2800,81.3500,80.1500,80.6900,1205369
2015-03-30,80.3400,81.0300,79.9500,80.7300,665447
2015-03-27,79.4100,80.5400,79.2150,80.1600,1291951
2015-03-26,79.6500,80.2550,78.9700,79.4500,1585703
2015-03-25,80.5500,80.9500,79.5100,79.5400,922136
2015-03-24,81.2000,81.7750,80.3600,80.3800,771805
2015-03-23,81.4000,82.0000,81.3000,81.3900,848772
2015-03-20,80.0000,81.6900,79.8200,81.5700,2395692
2015-03-19,79.9400,80.8200,79.5100,79.5800,1410001
2015-03-18,78.6400,80.7300,78.3700,80.2000,2156060
2015-03-17,78.7000,79.1400,78.1700,78.6200,1153553
2015-03-16,78.2000,79.5100,77.9780,78.9700,1249258
2015-03-13,78.3500,78.3800,76.8400,77.7200,1423496
2015-03-12,77.8600,78.7800,77.6800,78.4500,1605532
2015-03-11,78.8200,79.1599,78.1300,78.1500,840495
2015-03-10,78.2800,79.5500,78.1500,78.7800,1119954
2015-03-09,78.4500,79.0399,78.0200,78.4700,1114887
2015-03-06,80.1500,80.3800,78.0000,78.4100,1157727
2015-03-05,80.9000,81.4700,80.6900,81.1400,788675
2015-03-04,80.5200,80.7600,80.3000,80.5800,1059158
2015-03-03,80.2800,80.9400,79.8100,80.7200,1542696
2015-03-02,81.9100,82.0100,79.8700,80.4400,1195648
2015-02-27,82.1700,82.2200,81.6200,82.0300,1074272
2015-02-26,82.9600,83.1700,81.8400,81.9600,1236067
2015-02-25,84.3100,84.3100,82.6500,82.7600,951287
2015-02-24,83.6900,84.8900,83.5000,84.2000,1049756
2015-02-23,83.3100,83.9150,83.1500,83.9000,966575
2015-02-20,83.4900,83.7100,82.0200,83.2000,1311395
2015-02-19,84.9700,84.9700,83.1600,83.4000,1100702
2015-02-18,82.0600,84.5000,81.8800,84.5000,1873684
2015-02-17,81.4100,82.9400,81.2600,81.9100,2444061
2015-02-13,84.5200,84.5200,80.6300,81.5600,2446272
2015-02-12,84.7000,84.8800,83.7800,83.9900,1529899
2015-02-11,86.2300,86.3100,84.5050,84.7000,946623
2015-02-10,84.9100,86.7800,84.9100,86.7000,971171
2015-02-09,85.0800,85.8000,84.5200,84.9100,1070650
2015-02-06,89.3600,89.8800,84.8300,85.2500,1240847
2015-02-05,89.1200,89.6600,88.2700,89.5700,956700
2015-02-04,89.9200,89.9500,88.3700,88.6200,1018154
2015-02-03,90.2000,90.8200,89.6400,90.0300,1075980
2015-02-02,89.8600,90.7800,88.9300,90.4800,749148
2015-01-30,91.2000,91.5100,89.5600,89.6600,885895
2015-01-29,90.2300,91.7400,89.7500,91.5400,572612
2015-01-28,91.1600,92.2700,89.9500,90.2300,698946
2015-01-27,90.7100,91.7000,90.5920,91.3000,544489
2015-01-26,91.0200,91.0200,89.9800,90.9300,711740
2015-01-23,90.9800,91.6600,90.7700,91.2400,444203
2015-01-22,90.9800,91.4200,90.0300,90.7000,539382
2015-01-21,89.7600,90.9800,89.0700,90.8700,668609
2015-01-20,90.2500,90.3500,89.1400,90.0800,698279
2015-01-16,88.8000,90.0500,88.5500,89.9600,663812
2015-01-15,88.6300,89.1800,88.0301,88.9700,799869
2015-01-14,86.4400,88.2600,86.4200,88.1600,754695
2015-01-13,87.4500,88.7200,86.5700,87.2200,645642
2015-01-12,87.1900,87.4100,86.0200,86.7300,840558
2015-01-09,87.4600,87.6000,86.2900,86.8000,673156
2015-01-08,87.3500,87.9000,87.0700,87.4500,681220
2015-01-07,86.3100,87.3800,85.6900,87.0500,932948
2015-01-06,86.4500,87.8200,85.9600,86.0300,1234169
2015-01-05,86.9100,87.2800,85.8200,86.1600,1101157
2015-01-02,86.8300,87.2400,85.9800,87.0100,873488
2014-12-31,88.3700,88.5000,86.2500,86.3700,1096391
2014-12-30,89.8100,89.8300,87.8200,87.9700,714875
2014-12-29,89.1900,90.7700,89.0801,90.1800,1082076
2014-12-26,88.0000,89.4300,88.0000,89.3200,881123
2014-12-24,86.4800,88.1500,86.4800,87.9400,457226
2014-12-23,86.5400,86.8600,86.2100,86.4100,700178
2014-12-22,85.7500,86.2400,85.2000,86.2300,730956
2014-12-19,85.7400,86.4900,85.4000,85.7500,1872740
2014-12-18,83.8600,85.4800,83.4700,85.4800,828031
2014-12-17,82.3000,83.9900,82.3000,83.7500,1167703
2014-12-16,81.6200,83.4700,81.1300,82.0700,909248
2014-12-15,82.2100,82.7600,80.9100,81.5400,1226969
2014-12-12,82.9400,83.8300,81.8500,81.8900,936284
2014-12-11,81.7900,83.7300,81.6000,82.7300,885595
2014-12-10,83.3600,84.2200,81.9200,81.9800,1239608
2014-12-09,82.4600,83.5700,82.3100,83.3100,1100339
2014-12-08,82.1400,83.4301,81.9650,82.6900,1332862
2014-12-05,82.1900,82.7500,81.6900,82.0000,710773
2014-12-04,82.4800,82.9100,82.0000,82.6500,896873
2014-12-03,82.1900,82.5400,81.5300,82.4500,950112
2014-12-02,81.2300,82.3800,80.7100,82.2700,988967
2014-12-01,81.0600,82.3400,80.8100,81.5400,1182912
2014-11-28,81.0800,82.1500,80.7200,81.4600,553951
2014-11-26,80.6300,80.9600,80.3000,80.6700,677693
2014-11-25,80.6400,80.6400,79.8900,80.3900,627328
2014-11-24,80.7900,81.0400,80.4200,80.5300,1088141
2014-11-21,81.2500,81.4600,79.8000,80.6500,1220447
2014-11-20,81.1200,81.2500,80.4200,80.6400,953776
2014-11-19,81.2200,81.5476,80.6800,81.2100,1130665
2014-11-18,81.3900,81.9350,80.6700,81.5100,1795772
2014-11-17,79.5900,81.1300,79.5900,81.1000,1020353
2014-11-14,79.8000,80.2200,79.5400,79.8700,1030725
2014-11-13,81.1200,81.4800,79.6200,79.7800,1650070
2014-11-12,82.0700,82.2400,80.6150,80.9000,1580019
2014-11-11,83.6100,83.6700,82.4520,82.7900,1170296
2014-11-10,83.0500,83.9100,82.8300,83.8500,720537
2014-11-07,82.7300,83.3400,82.5000,83.3100,850331
2014-11-06,83.8900,83.8900,82.1600,82.6700,2235984
2014-11-05,82.9500,84.4175,82.4800,84.1600,1896383
2014-11-04,82.9400,83.4700,82.1700,82.3900,643631
2014-11-03,82.3600,82.9900,82.2800,82.8000,967685
2014-10-31,82.3300,82.3300,81.4700,82.1600,1135043
2014-10-30,80.2200,82.0100,80.1300,81.9900,1355404
2014-10-29,80.4500,81.0900,79.3250,80.0500,1431288
2014-10-28,80.6400,81.2100,80.1000,81.2000,1530702
2014-10-27,80.0000,81.1500,80.0000,80.6100,1482166
2014-10-24,80.1200,80.9600,79.8550,80.2000,1547846
2014-10-23,80.3500,80.8500,79.8300,80.0000,1238204
2014-10-22,79.9700,80.7800,79.5900,79.8600,969068
2014-10-21,79.1300,79.8500,78.7700,79.7500,1386653
2014-10-20,77.0000,78.7425,77.0000,78.6400,1372583
2014-10-17,77.0500,77.4200,75.7600,76.9800,2901094
2014-10-16,77.3000,77.7150,76.4300,76.8800,2571780
2014-10-15,79.5600,80.2500,76.3500,77.9000,1690199
2014-10-14,79.3800,80.2000,78.8200,79.5100,2131219
2014-10-13,78.6800,79.8800,78.4400,78.9000,1290043
2014-10-10,78.2800,79.3600,78.1400,78.7300,1549027
2014-10-09,79.2900,80.2000,77.8000,77.8700,1966371
2014-10-08,76.9500,79.2400,76.9500,79.1000,1696097
2014-10-07,76.6700,77.6967,76.6300,77.0200,843653
2014-10-06,76.9200,77.3700,76.4900,76.8500,614047
2014-10-03,76.4100,76.9600,75.8600,76.8700,860746
2014-10-02,76.1900,76.9500,76.0600,76.2700,912238
2014-10-01,76.2200,77.2100,76.0800,76.2800,834696
2014-09-30,76.0600,76.8100,75.7100,76.0800,992121
2014-09-29,75.2400,76.0300,75.0500,75.9600,671839
2014-09-26,75.5100,75.7900,74.6200,75.4800,593886
2014-09-25,75.8700,76.1900,75.3000,75.3800,1108463
2014-09-24,76.0400,76.0400,75.2300,75.7600,861502
2014-09-23,75.6500,76.0500,75.4100,75.8600,920502
2014-09-22,76.1500,76.5200,75.6200,75.8000,941794
2014-09-19,76.0500,76.4200,75.8000,76.3000,1195000
2014-09-18,76.6100,77.0600,75.4000,75.7500,745100
2014-09-17,76.9400,77.2600,76.1200,76.5900,546600
2014-09-16,76.0400,77.2400,75.9200,76.9000,583600
2014-09-15,75.8900,76.3400,75.7500,76.0400,492900
2014-09-12,76.9200,76.9900,75.3200,75.5700,1289600
2014-09-11,76.8100,77.3500,76.4200,77.2400,520200
2014-09-10,77.7900,77.9600,76.9900,77.3200,774000
2014-09-09,78.4500,78.4500,77.8500,77.8700,716700
2014-09-08,78.8900,78.8900,78.0600,78.4500,662400
2014-09-05,77.7900,78.8450,77.7900,78.8300,656200
2014-09-04,77.7200,77.8750,77.1850,77.7500,596100
2014-09-03,77.5500,77.9700,77.3400,77.7400,700800
2014-09-02,78.1300,78.3000,76.9700,77.4200,878900
2014-08-29,77.9400,78.2600,77.7100,78.2500,827500
2014-08-28,76.8900,77.9400,76.6000,77.9100,817900
2014-08-27,76.5000,76.9800,76.4250,76.9300,789300
2014-08-26,77.6000,77.7800,76.2800,76.3100,782500
2014-08-25,77.0700,77.5570,76.8500,77.4500,790100
2014-08-22,77.3800,77.6200,76.4400,76.8900,821300
2014-08-21,77.2500,77.8200,77.1400,77.3300,984300
2014-08-20,77.1500,77.4200,76.6800,77.3600,670000
2014-08-19,76.3500,77.2900,76.1528,77.2400,619500
2014-08-18,76.4700,76.7600,76.0900,76.3000,988000
2014-08-15,76.0000,76.5500,75.6200,76.3600,1150900
2014-08-14,75.4200,75.9400,75.2200,75.9200,660100
2014-08-13,74.6100,75.2410,74.3900,75.1300,619800
2014-08-12,74.4000,74.7600,74.2400,74.3900,774300
2014-08-11,74.7600,75.1600,74.4000,74.6300,592000
2014-08-08,73.3300,74.7700,72.9500,74.7200,1028700
2014-08-07,72.5100,73.5700,72.5100,73.0700,1482400
2014-08-06,71.7800,72.4800,71.6000,72.0700,2854200
2014-08-05,73.2200,73.6000,71.8800,72.1100,1111100
2014-08-04,74.1800,74.2950,72.4400,73.5400,1392900
2014-08-01,73.6000,74.6800,73.4500,74.1300,843300
2014-07-31,75.3800,75.4800,73.7400,73.8200,1107800
2014-07-30,76.5900,77.0100,75.2100,75.4000,1479100
2014-07-29,76.9500,77.4000,76.5000,76.6500,1642500
2014-07-28,75.7300,77.2100,75.7200,77.0300,797400
2014-07-25,76.6200,76.9616,75.6200,76.0000,1046400
2014-07-24,76.5900,77.3000,76.2800,77.2600,1479500
2014-07-23,76.1800,76.5800,75.7800,76.5700,1365500
2014-07-22,76.2400,76.2400,75.7200,76.0900,716000
2014-07-21,76.6800,76.6800,75.8000,75.9200,1036200
2014-07-18,76.1500,76.7700,75.5900,76.5700,763500
2014-07-17,75.8900,76.4000,75.7600,75.8400,1209600
2014-07-16,76.2200,76.2500,75.3920,76.1900,691300
2014-07-15,75.4600,76.1800,75.3675,76.0600,1407100
2014-07-14,76.0100,76.2900,75.3900,75.4000,656300
2014-07-11,76.1800,76.4900,75.8400,75.9100,626200
2014-07-10,75.3400,76.4000,75.2525,76.3600,957000
2014-07-09,75.9100,76.1800,75.1100,75.4200,966900
2014-07-08,75.2700,76.1800,75.0800,75.9700,671100
2014-07-07,75.2200,75.8700,75.1000,75.4000,981100
2014-07-03,75.3100,75.3300,74.7401,75.1100,877000
2014-07-02,76.9500,77.1000,75.3600,75.6800,1308200
2014-07-01,77.9600,78.1000,77.1100,77.1900,1420100
2014-06-30,77.8000,78.2000,77.4700,77.8700,1921900
2014-06-27,77.5900,78.0800,77.2700,77.7400,946100
2014-06-26,77.9000,78.0499,77.1700,77.7400,1353400
2014-06-25,77.3600,78.1800,77.3600,78.0400,822700
2014-06-24,77.3300,77.9800,77.3000,77.7100,461500
2014-06-23,77.6100,77.9740,77.0400,77.4700,548600
2014-06-20,77.9600,78.0500,77.5400,77.6300,998300
2014-06-19,77.0800,77.7200,76.8450,77.6700,931900
2014-06-18,74.9200,76.8700,74.8800,76.8400,880200
2014-06-17,74.9400,75.2500,74.5700,74.9700,628500
2014-06-16,74.4400,75.7200,74.3500,75.2500,951900
2014-06-13,74.1000,74.7400,73.6900,74.4700,639600
2014-06-12,73.6700,74.2200,72.7600,74.1800,857400
2014-06-11,74.9000,75.1400,74.1900,74.2100,877800
2014-06-10,75.4100,75.4900,74.9200,75.1000,735600
2014-06-09,75.9300,76.2090,75.4200,75.5200,995100
2014-06-06,76.6000,77.0600,76.2000,76.2400,611600
2014-06-05,76.6200,76.8200,76.1000,76.5400,757400
2014-06-04,76.1100,76.3600,75.8000,76.2200,661800
2014-06-03,76.0000,76.4600,75.7600,76.2200,597200
2014-06-02,75.9800,76.4299,75.7900,76.1800,543300
2014-05-30,75.4700,76.1700,75.3000,76.1200,681000
2014-05-29,75.7000,75.7600,74.9500,75.3700,705300
2014-05-28,75.3600,75.7400,75.1800,75.3600,911000
2014-05-27,75.3600,75.7300,75.1100,75.2800,820500
2014-05-23,75.1300,75.3600,74.8600,74.8800,520900
2014-05-22,74.3700,75.2000,74.3700,75.1500,492800
2014-05-21,74.5100,74.6600,74.0700,74.3600,606300
2014-05-20,74.7800,75.2900,73.9900,74.4600,931300
2014-05-19,76.3100,76.3100,74.6700,74.7000,951300
2014-05-16,75.8700,76.4600,75.5000,76.4400,920500
2014-05-15,76.2900,76.4700,75.6900,75.8500,871100
2014-05-14,76.2700,77.0500,75.9300,76.1500,722900
2014-05-13,75.8700,76.6200,75.8500,76.1400,1150500
2014-05-12,76.7800,77.0000,75.7300,75.9800,846900
2014-05-09,77.8100,78.1900,76.5200,76.6300,1000500
2014-05-08,79.2400,79.4500,77.6600,77.9700,997800
2014-05-07,77.9100,79.4300,77.7800,79.3200,1152700
2014-05-06,77.6800,78.3000,77.4150,77.7900,1010900
2014-05-05,76.9900,77.9400,76.9500,77.9300,929600
2014-05-02,77.8300,78.0000,76.5300,77.0000,1301000
2014-05-01,78.2900,78.4000,77.4300,78.1900,976000
2014-04-30,77.7600,78.3300,77.5600,78.1400,1259000
2014-04-29,78.1400,78.3900,77.4200,77.6700,1052500
2014-04-28,78.3500,78.5800,77.5000,78.0100,1237500
2014-04-25,78.2500,78.7000,77.6000,78.3800,1761900
2014-04-24,76.9300,77.1900,76.2700,77.1500,1090300
2014-04-23,76.5000,77.4700,76.2200,76.8900,1191200
2014-04-22,76.0600,76.6300,75.7000,76.5000,1219500
2014-04-21,76.6200,76.9400,75.7700,76.1800,868800
2014-04-17,76.8700,77.5600,76.5200,76.6200,1411400
2014-04-16,77.0600,77.1800,76.2800,77.1800,1272600
2014-04-15,75.6800,76.8650,75.5400,76.8400,1341200
2014-04-14,75.3000,75.9600,74.7020,75.5200,1095400
2014-04-11,74.8700,75.4900,74.6303,74.8600,1033500
2014-04-10,75.2600,75.7820,74.8800,75.1700,1328100
2014-04-09,75.2500,75.4400,74.4100,75.2600,2190700
2014-04-08,74.1600,75.3900,73.6450,75.1700,1040900
2014-04-07,74.7600,75.3200,74.2800,74.3000,1255800
2014-04-04,74.8400,75.6600,74.6700,74.7400,721400
2014-04-03,74.6200,74.8450,74.2072,74.6500,600100
2014-04-02,74.5300,74.5900,73.7400,74.4100,998300
2014-04-01,74.2300,74.5700,73.8300,74.5400,1305400
2014-03-31,73.9500,74.6100,73.6500,74.2900,1283000
2014-03-28,72.8400,73.5350,72.4810,73.1900,909400
2014-03-27,72.2100,72.9550,71.8700,72.9200,886500
2014-03-26,72.3000,72.8500,72.0800,72.2800,1340800
2014-03-25,72.0400,72.3700,71.6600,72.1900,918700
2014-03-24,71.7700,72.1275,71.2800,71.9400,1158400
2014-03-21,71.1900,72.0500,71.1900,71.5200,1363200
2014-03-20,70.5000,70.8300,69.8500,70.7700,1013200
2014-03-19,71.7500,72.0600,70.3500,70.6500,970600
2014-03-18,72.0400,72.2200,71.6500,71.8000,577700
2014-03-17,71.7600,72.0600,71.4800,71.9800,1266100
2014-03-14,71.4300,72.0000,71.0300,71.6500,1507200
2014-03-13,70.6100,71.5750,70.3600,71.3900,1420900
2014-03-12,69.9000,71.2600,69.8200,71.1700,2391800
2014-03-11,70.3100,70.4900,69.6900,69.9400,632800
2014-03-10,70.3100,70.6100,69.9000,70.3700,941400
2014-03-07,70.2400,70.4000,69.5800,70.3300,901700
2014-03-06,71.2200,71.2600,70.0700,70.3500,885000
2014-03-05,71.4100,71.4800,70.7200,70.9000,901800
2014-03-04,71.4000,71.6200,71.1900,71.4700,655700
2014-03-03,71.4100,71.8000,70.8500,70.9000,807100
2014-02-28,71.4400,72.0000,71.3500,71.7600,837200
2014-02-27,71.4700,71.9800,71.0000,71.2400,750500
2014-02-26,72.0500,72.2100,71.4200,71.5100,748900
2014-02-25,71.9400,72.4600,71.5900,71.8300,873100
2014-02-24,72.5400,72.6450,71.8300,71.8600,1109500
2014-02-21,72.3900,72.9500,72.2900,72.2900,1482700
2014-02-20,71.5700,72.5400,71.5700,72.3300,1822300
2014-02-19,72.1300,72.4500,71.3400,71.4700,1765700
2014-02-18,71.9800,72.2700,71.7800,72.1200,1479000
2014-02-14,69.5700,71.8600,69.1900,71.7300,2449700
2014-02-13,68.6400,69.6400,68.4500,69.5700,1516500
2014-02-12,69.0900,69.3400,68.7700,68.9000,963000
2014-02-11,68.1100,69.1100,68.0600,69.1000,1188200
2014-02-10,67.6900,68.2600,67.2600,68.2300,925500
2014-02-07,67.6900,67.9900,67.4800,67.8900,1063300
2014-02-06,67.2000,67.6500,66.8700,67.5800,917400
2014-02-05,67.2500,67.2900,66.8300,67.0500,1113300
2014-02-04,68.2500,68.3400,66.7800,67.4600,1723500
2014-02-03,68.2300,69.0600,67.8200,67.9700,2089800
2014-01-31,66.7300,68.3400,66.6600,68.2200,1404600
2014-01-30,66.6500,67.4500,66.6100,67.2800,686600
2014-01-29,66.2400,66.6500,66.0200,66.3300,1118400
2014-01-28,66.0600,66.3800,65.9100,66.3700,1118000
2014-01-27,65.5900,66.4200,65.4900,65.9600,1681200
2014-01-24,66.2900,66.7600,65.4700,65.4700,1583000
2014-01-23,66.6100,66.7800,66.1800,66.4600,1035900
2014-01-22,66.5800,66.9400,66.4800,66.8700,841400
2014-01-21,66.3000,66.6600,66.1300,66.6100,649900
2014-01-17,65.9700,66.2700,65.6300,65.8500,842800
2014-01-16,65.6900,65.9100,65.3200,65.9100,847200
2014-01-15,66.3900,66.3900,65.4700,65.6700,960100
2014-01-14,66.1600,66.4500,65.8300,66.1700,579900
2014-01-13,66.4800,66.6700,65.9200,66.0500,733500
2014-01-10,66.1800,67.3400,66.0600,66.6700,1132100
2014-01-09,65.3900,65.8200,65.1800,65.6800,1135300
2014-01-08,65.7500,65.7500,64.9200,65.1000,1297200
2014-01-07,65.2000,65.8597,65.1200,65.7600,1100000
2014-01-06,65.1500,65.5200,64.9600,65.1900,1067600
2014-01-03,66.0300,66.0500,64.8400,65.1300,1281400
2014-01-02,66.4000,66.4400,65.2200,65.2600,1415300
2013-12-31,66.3200,66.5000,65.8800,66.3900,1902700
2013-12-30,66.2800,66.6500,65.9800,66.3200,866600
2013-12-27,66.1200,66.5200,65.8850,66.3600,740800
2013-12-26,66.6000,66.6700,65.9200,66.1600,619300
2013-12-24,66.4600,66.8400,66.0200,66.6800,374000
2013-12-23,66.8300,67.0200,66.3600,66.5500,836600
2013-12-20,65.7100,67.4200,65.7000,66.6100,2240300
2013-12-19,65.9500,65.9800,64.9900,65.6000,1210500
2013-12-18,65.2500,66.2800,64.5200,66.1500,1446000
2013-12-17,65.9500,65.9900,65.0350,65.2800,1902400
2013-12-16,65.5000,66.3300,65.4200,66.0500,921600
2013-12-13,65.5500,65.7200,65.2300,65.3600,509000
2013-12-12,65.3500,66.0800,65.2100,65.3600,1079200
2013-12-11,66.6500,66.6600,65.6600,66.0000,1637600
2013-12-10,67.1200,67.1400,66.6000,66.6300,1398400
2013-12-09,67.5400,67.5900,66.8800,67.2200,1021700
2013-12-06,66.6400,67.6450,66.6300,67.6100,1014500
2013-12-05,66.7100,66.8300,66.2900,66.3800,951600
2013-12-04,66.5000,66.9400,66.1600,66.8300,816600
2013-12-03,66.5300,66.9500,66.3800,66.8500,846700
2013-12-02,66.8600,66.9700,66.0500,66.7800,876500
2013-11-29,66.8000,67.1000,66.6600,66.7400,451100
2013-11-27,67.2600,67.2750,66.7900,66.9200,881400
2013-11-26,68.0900,68.2800,67.0900,67.1900,1012300
2013-11-25,68.8600,69.0100,68.0900,68.1700,796600
2013-11-22,68.8000,69.1800,68.5900,68.8600,1042800
2013-11-21,68.9000,69.2700,68.6100,68.9200,962400
2013-11-20,69.0000,69.2200,68.5600,68.7700,1473400
2013-11-19,69.2600,69.3100,68.7100,68.7900,932400
2013-11-18,69.7400,69.7900,69.1650,69.3700,699700
2013-11-15,69.0000,69.5000,68.7700,69.4900,824700
2013-11-14,68.4700,69.4100,68.4200,69.1500,705800
2013-11-13,67.8000,68.1800,67.4100,68.1600,1509100
2013-11-12,68.8600,69.1800,67.9500,68.2900,1108700
2013-11-11,69.4400,69.6600,68.8600,69.1800,684900
2013-11-08,68.9800,69.3700,68.0100,69.3400,1495400
2013-11-07,70.3200,70.6400,69.3300,69.3600,1440900
2013-11-06,69.8500,70.4500,69.8500,70.1900,1107100
2013-11-05,69.9500,70.6200,69.6540,69.7600,1498600
2013-11-04,69.6800,70.1700,69.1900,70.1000,1513300
2013-11-01,69.2600,69.6750,68.9800,69.4400,842700
2013-10-31,69.2500,69.4800,68.1900,69.1400,1178600
2013-10-30,69.9400,70.3100,69.2300,69.3400,1080900
2013-10-29,70.2100,70.2200,69.2900,69.7900,1251100
2013-10-28,69.5600,70.1900,69.2900,69.6400,1557100
2013-10-25,67.1300,69.4700,66.5850,69.4400,1816300
2013-10-24,68.2700,68.3200,67.3000,67.6000,1174900
2013-10-23,67.4000,68.8900,67.2400,68.2600,1815900
2013-10-22,66.9100,67.6500,66.7600,67.4200,889000
2013-10-21,67.1600,67.3750,66.6100,66.8400,732200
2013-10-18,67.4000,67.7200,67.0550,67.2100,967000
2013-10-17,66.0800,67.3400,65.7100,67.2200,1286900
2013-10-16,65.9400,66.3900,65.7100,66.2600,985800
2013-10-15,66.3800,66.6200,65.6900,65.7100,1414900
2013-10-14,66.4700,66.6900,65.5600,66.4900,923000
2013-10-11,66.5600,66.9648,66.3500,66.8300,567400
2013-10-10,66.0000,66.5500,65.1500,66.5200,875500
2013-10-09,65.2700,66.2600,64.9700,65.6200,1238400
2013-10-08,64.7500,65.5500,64.5700,65.0700,1910800
2013-10-07,64.7500,65.1600,64.4510,64.5300,953500
2013-10-04,65.1800,65.5200,64.9800,65.0700,570600
2013-10-03,66.0700,66.0700,64.9800,65.1900,767200
2013-10-02,65.9600,66.3500,65.5000,66.3200,941800
2013-10-01,66.1600,66.4000,65.8900,66.1300,568000
2013-09-30,65.6600,66.0700,65.5350,65.9800,955100
2013-09-27,66.2000,66.6320,65.8000,66.0600,794700
2013-09-26,66.6900,67.0600,66.3100,66.5600,760600
2013-09-25,67.2800,67.4800,66.3500,66.5500,1229900
2013-09-24,67.6900,67.8800,67.1100,67.1800,1479800
2013-09-23,67.1300,68.1500,66.6700,67.6000,1393100
2013-09-20,67.9100,68.1000,66.9650,67.1800,1464700
2013-09-19,68.1000,68.6500,67.6000,67.9100,843100
2013-09-18,66.3600,68.4300,66.0300,68.2000,1046700
2013-09-17,66.1000,66.4600,65.9400,66.2200,736700
2013-09-16,66.5900,67.0400,65.7500,65.9100,1104600
2013-09-13,65.8800,66.3400,65.7100,65.8200,516600
2013-09-12,66.4000,67.0200,65.6000,65.6900,771900
2013-09-11,66.7100,66.9000,65.7500,66.8600,1521600
2013-09-10,66.2400,66.7100,65.9800,66.7100,2901800
2013-09-09,65.5600,66.2400,65.2700,66.1000,2468700
2013-09-06,65.2900,65.9900,65.2300,65.5600,2880600
2013-09-05,65.7400,66.0000,64.9200,65.0000,1117100
2013-09-04,65.8500,65.8899,65.0300,65.7400,1082500
2013-09-03,67.2800,67.6300,65.6703,65.8600,854000
2013-08-30,67.0100,67.3500,66.5800,66.8700,669300
2013-08-29,67.2750,67.4500,66.7301,67.0200,706300
2013-08-28,67.2900,67.6050,66.9500,67.3000,913600
2013-08-27,66.4700,67.4999,66.4700,67.2000,859000
2013-08-26,67.3400,67.6550,66.8400,67.0400,709300
2013-08-23,66.9700,67.5100,66.7200,67.3800,582700
2013-08-22,66.8800,67.2200,66.6145,66.9300,422500
2013-08-21,67.3600,67.4500,66.4650,66.7800,995700
2013-08-20,67.1400,68.0200,66.8100,67.5900,734900
2013-08-19,67.3500,67.9300,66.7400,67.1600,797400
2013-08-16,68.3000,68.3800,67.1900,67.5900,840200
2013-08-15,69.0200,69.0900,68.3000,68.4600,847800
2013-08-14,69.8600,70.0100,69.1700,69.3700,744600
2013-08-13,70.4500,70.6000,69.6900,69.9200,780000
2013-08-12,70.3500,70.5000,70.0500,70.4500,597200
2013-08-09,71.0700,71.0800,70.3400,70.8000,1001500
2013-08-08,70.7600,71.2800,70.4300,71.0700,533300
2013-08-07,70.3900,71.0000,70.2400,70.6300,659700
2013-08-06,71.0500,71.1900,70.7000,70.7300,1382200
2013-08-05,71.3900,71.3900,70.8000,71.0500,649700
2013-08-02,71.5800,71.7700,71.0900,71.6400,546200
2013-08-01,71.0700,71.6300,70.9300,71.5900,771000
2013-07-31,70.9800,71.2000,70.2600,70.7000,1124000
2013-07-30,70.9700,71.5900,70.8500,71.2300,1161100
2013-07-29,69.8400,71.0100,69.7500,70.6000,889600
2013-07-26,69.6800,70.2200,68.9900,70.1500,818600
2013-07-25,69.5400,70.2800,69.3300,70.0200,752800
2013-07-24,70.8200,70.9400,69.1600,69.6500,672300
2013-07-23,70.5000,70.9300,70.3900,70.8400,788000
2013-07-22,70.2700,70.7500,70.1401,70.4800,504700
2013-07-19,70.6800,70.7700,70.1410,70.2700,572300
2013-07-18,69.7800,70.6100,69.6000,70.5300,569700
2013-07-17,69.9000,70.0800,69.1700,69.6000,853700
2013-07-16,69.9700,70.0700,69.3300,69.5600,597900
2013-07-15,68.8700,69.8300,68.7900,69.8100,1194900
2013-07-12,68.7200,69.0200,68.1500,68.9900,856300
2013-07-11,68.1500,68.7800,68.0600,68.7400,735400
2013-07-10,66.4700,67.6000,66.4300,67.5700,1123600
2013-07-09,66.7900,66.9400,66.0900,66.8300,1848900
2013-07-08,65.9800,66.8500,65.8050,66.4100,793900
2013-07-05,65.9200,66.0500,64.7100,65.7700,733300
2013-07-03,66.0800,66.1060,65.4400,65.9000,431100
2013-07-02,65.8200,66.4600,65.7180,66.0100,698000
2013-07-01,67.6000,67.6600,65.5500,65.8200,789500
2013-06-28,66.3700,67.1500,65.9200,67.0100,1072900
2013-06-27,66.6100,67.2700,66.5650,66.6600,756000
2013-06-26,65.7400,66.6400,65.7200,66.3900,1336400
2013-06-25,64.6000,65.4600,64.0800,65.3000,846400
2013-06-24,64.1800,64.8800,63.6800,64.3100,1116100
2013-06-21,64.4000,65.0300,63.3800,64.6700,1660300
2013-06-20,65.6500,65.7200,63.8500,64.0000,1435300
2013-06-19,67.4200,67.7200,66.0400,66.0800,1192200
2013-06-18,67.0600,67.5900,66.7300,67.5900,544100
2013-06-17,67.2900,67.7580,66.7300,67.0500,728600
2013-06-14,66.9600,67.3400,66.6500,66.8700,706000
2013-06-13,65.9900,67.1200,65.4000,67.0400,901600
2013-06-12,67.3100,67.5900,66.2200,66.3500,614400
2013-06-11,66.7200,67.3900,66.5800,67.0000,2903700
2013-06-10,67.5400,67.6100,66.9900,67.1200,3208700
2013-06-07,66.9800,67.5600,66.5700,67.5100,3141800
2013-06-06,66.0700,66.8000,65.9000,66.7800,664100
2013-06-05,66.3200,66.4800,65.6300,65.9800,593100
2013-06-04,66.7000,67.0480,66.0390,66.4900,826000
2013-06-03,66.5900,67.2800,65.7800,66.8100,766200
2013-05-31,67.2500,68.0800,66.5900,66.6100,839100
2013-05-30,66.5000,68.1400,66.5000,67.4500,1816500
2013-05-29,67.2900,67.2950,65.4500,66.2600,1752000
2013-05-28,68.5200,68.9700,67.3000,67.6900,1266000
2013-05-24,68.9500,69.1100,68.0200,68.2700,764300
2013-05-23,69.8900,69.8900,68.3700,69.2800,1116600
2013-05-22,71.3600,72.1800,69.8600,70.3000,1247200
2013-05-21,71.7100,71.8700,70.9800,71.5100,790100
2013-05-20,71.6600,71.8700,71.3000,71.5400,734500
2013-05-17,71.0400,71.7700,70.9500,71.7700,1113100
2013-05-16,71.2400,71.2600,70.7900,71.0300,881200
2013-05-15,70.6700,71.6922,70.3200,71.3900,883600
2013-05-14,69.9000,70.8500,69.7100,70.6800,945800
2013-05-13,69.9900,70.1700,69.5650,69.8800,895400
2013-05-10,70.2100,70.3200,69.4200,70.3000,1307700
2013-05-09,71.6300,71.8300,70.0300,70.2100,895800
2013-05-08,71.8500,72.2100,71.4400,71.6300,1151800
2013-05-07,71.9000,72.2500,71.6500,71.9800,1309700
2013-05-06,72.5200,72.7000,71.4600,71.4600,614000
2013-05-03,72.6300,73.0000,72.3000,72.6000,983500
2013-05-02,72.3900,72.7200,72.1200,72.3800,772300
2013-05-01,72.8600,73.2050,72.3100,72.4400,1237400
2013-04-30,72.2700,73.0700,72.0700,72.8800,1529900
2013-04-29,72.7000,73.2400,72.0200,72.1900,1860200
2013-04-26,72.3200,72.9580,71.1200,72.2600,1706300
2013-04-25,72.9600,73.0900,72.0900,72.2500,1863900
2013-04-24,72.9200,73.1600,72.5700,72.6800,1123800
2013-04-23,73.1000,73.3200,72.3500,72.7700,1143300
2013-04-22,72.2600,73.0500,71.9600,72.9000,891800
2013-04-19,72.0900,72.5490,71.8800,72.2600,1431400
2013-04-18,71.9300,72.4800,71.6500,72.0500,1409700
2013-04-17,71.0600,72.0300,70.8700,71.9500,1737700
2013-04-16,70.5000,71.4000,69.9500,71.3600,1450400
2013-04-15,70.1700,70.8600,70.0500,70.3900,1630600
2013-04-12,69.4300,70.4200,69.4300,70.3500,766700
2013-04-11,69.3100,69.6100,69.0300,69.5500,644100
2013-04-10,68.6700,69.2700,68.6700,69.2400,787100
2013-04-09,69.4300,69.5000,68.5400,68.5800,961100
2013-04-08,68.7400,69.4700,68.5600,69.4500,509600
2013-04-05,68.4300,68.8800,68.3300,68.8300,561400
2013-04-04,68.5000,68.9100,68.4590,68.8400,463300
2013-04-03,68.5800,68.9100,68.2200,68.4300,645000
2013-04-02,68.4800,68.9200,68.2400,68.5300,791200
2013-04-01,68.3400,68.6400,68.1300,68.3900,592300
2013-03-28,66.9700,68.3750,66.8700,68.3400,1241300
2013-03-27,66.4700,67.0200,66.2800,66.9900,795900
2013-03-26,66.3700,66.8200,66.3500,66.8200,579200
2013-03-25,66.6200,66.9500,65.8200,66.0600,719500
2013-03-22,66.2700,66.6300,66.1400,66.2800,458800
2013-03-21,66.2800,66.5000,66.0700,66.2000,553300
2013-03-20,66.3500,66.6800,66.3000,66.4700,627500
2013-03-19,66.2600,66.5200,65.7400,66.0200,778800
2013-03-18,66.0000,66.3600,65.8700,66.1000,616200
2013-03-15,66.1500,66.6200,66.0200,66.3600,1161100
2013-03-14,66.3600,66.6600,66.1800,66.4100,678800
2013-03-13,66.7400,67.0000,66.5200,66.8900,466500
2013-03-12,66.6400,66.7000,66.3200,66.6600,3571400
2013-03-11,66.5800,66.8400,66.5200,66.7500,2648000
2013-03-08,66.6100,66.7600,66.0800,66.6500,2052300
2013-03-07,66.8200,67.2500,66.4800,66.4900,688600
2013-03-06,67.7000,67.7000,66.6100,66.8100,977900
2013-03-05,67.2700,67.7750,67.2100,67.5200,1066300
2013-03-04,66.3700,67.4500,66.3700,67.0800,976500
2013-03-01,66.6600,66.7400,66.0800,66.4300,1316900
2013-02-28,66.3000,67.0100,66.1800,66.8000,1183200
2013-02-27,65.8000,66.2900,65.7000,66.2600,769900
2013-02-26,65.4600,65.8100,65.0710,65.7900,1190700
2013-02-25,65.7700,66.1800,65.2900,65.3400,1715600
2013-02-22,65.0300,65.6400,64.9300,65.6200,614900
2013-02-21,64.8500,64.9100,64.4500,64.8300,767300
2013-02-20,64.5400,65.3700,64.2400,64.8600,745900
2013-02-19,64.5600,65.1400,64.4700,64.7500,977200
2013-02-15,64.3700,64.5900,64.2500,64.4200,588300
2013-02-14,64.2400,64.5600,63.8900,64.3600,699000
2013-02-13,64.4800,64.6800,64.2550,64.4000,407400
2013-02-12,64.2300,64.5600,63.9200,64.5100,552600
2013-02-11,64.2100,64.5200,64.2000,64.4000,261000
2013-02-08,64.2500,64.2800,63.7800,64.2800,480600
2013-02-07,63.8800,64.4300,63.6400,64.1600,537500
2013-02-06,63.7000,64.0900,63.3500,64.0400,558700
2013-02-05,63.8400,64.2800,63.7600,63.8700,680800
2013-02-04,63.8400,63.8400,63.5401,63.6400,406200
2013-02-01,63.4900,63.9900,63.3600,63.9700,561300
2013-01-31,63.3100,63.4800,63.0600,63.3100,631800
2013-01-30,62.8500,63.4300,62.7000,63.3700,636300
2013-01-29,62.4700,62.8600,62.3500,62.8500,623700
2013-01-28,62.9400,62.9400,62.1200,62.4600,386000
2013-01-25,62.6300,62.7900,62.1100,62.7500,385800
2013-01-24,62.4700,62.9800,62.3800,62.5000,405200
2013-01-23,62.5000,62.5000,62.0500,62.3400,623600
2013-01-22,61.8700,62.6500,61.8100,62.6500,497500
2013-01-18,61.4100,61.9100,61.2001,61.9000,708300
2013-01-17,61.1700,61.5600,61.0600,61.2800,417100
2013-01-16,61.1800,61.5000,60.9100,61.0100,391600
2013-01-15,61.2400,61.3500,60.8600,61.3300,547400
2013-01-14,61.3700,61.5900,61.2100,61.3100,344200
2013-01-11,61.3700,61.5600,61.2200,61.4600,349300
2013-01-10,61.1500,61.4800,60.8100,61.4100,624900
2013-01-09,60.7400,60.7900,60.3300,60.7900,677300
2013-01-08,60.9100,61.1900,60.6600,60.7100,728900
2013-01-07,61.3800,61.5496,60.8600,60.9500,409800
2013-01-04,61.4300,61.7700,61.2400,61.6400,581800
2013-01-03,61.4500,61.7600,61.1900,61.4300,548100
2013-01-02,60.8300,61.4800,60.4900,61.4800,662400
2012-12-31,59.2100,60.0800,58.8633,60.0500,916400
2012-12-28,59.8900,60.2700,59.3800,59.4100,965500
2012-12-27,60.1900,60.5000,59.4000,60.0800,587200
2012-12-26,61.0100,61.1500,60.2000,60.2800,436100
2012-12-24,61.0400,61.1100,60.5825,60.9500,191600
2012-12-21,60.6600,61.2800,60.2300,61.1300,1885600
2012-12-20,60.9700,61.2700,60.7600,61.1800,535500
2012-12-19,61.4100,61.4100,60.8300,60.9000,394400
2012-12-18,61.2100,61.5500,60.9300,61.3100,833300
2012-12-17,60.1900,61.2200,60.0500,61.2100,893300
2012-12-14,60.8700,61.1800,60.5300,60.5500,909600
2012-12-13,61.3900,61.4800,60.7500,60.9400,658600
2012-12-12,61.2900,62.0000,61.1400,61.5500,946400
2012-12-11,61.2300,61.4500,61.0500,61.2900,711200
2012-12-10,60.9600,61.2800,60.7800,61.1500,873700
2012-12-07,61.1600,61.4600,60.8950,61.0500,976300
2012-12-06,61.6800,61.8100,61.0500,61.2000,735200
2012-12-05,60.5300,61.9000,60.5000,61.5700,908300
2012-12-04,60.6100,60.9800,60.4500,60.4900,834600
2012-12-03,60.5100,60.7500,59.8400,60.5800,690800
2012-11-30,60.4500,60.6900,59.9108,60.5800,905200
2012-11-29,59.6900,59.9000,59.3500,59.8900,524200
2012-11-28,59.2600,59.6977,59.0100,59.5800,514700
2012-11-27,59.2700,59.7300,59.1300,59.2600,512900
2012-11-26,58.7700,59.7400,58.7300,59.2700,591400
2012-11-23,59.0400,59.1600,58.5400,58.8800,335000
2012-11-21,59.3900,59.4000,58.4500,59.0200,761800
2012-11-20,59.2100,59.3800,58.6600,59.2900,675300
2012-11-19,59.6200,59.7300,58.8500,59.1800,779600
2012-11-16,58.6900,59.3400,58.3400,59.3000,851400
2012-11-15,58.7300,59.2100,58.2000,58.6400,832000
2012-11-14,59.0800,59.2000,58.5900,58.7600,946200
2012-11-13,58.3300,59.2600,58.3000,58.9500,887200
2012-11-12,59.1500,59.2700,58.3300,58.5600,463100
2012-11-09,59.0900,59.7200,59.0800,59.1900,547600
2012-11-08,59.4500,60.1000,59.1800,59.3100,623500
2012-11-07,60.4400,60.5600,58.9000,59.4600,891700
2012-11-06,60.5200,61.1900,60.4800,60.7600,686900
2012-11-05,61.1300,61.1400,60.3800,60.3900,754600
2012-11-02,61.8300,62.0900,61.2200,61.2800,459800
2012-11-01,62.2000,62.3200,61.5300,61.6200,656800
2012-10-31,61.8000,62.4900,61.8000,62.1000,561500
2012-10-26,61.6100,61.8300,61.1800,61.6600,670600
2012-10-25,61.2200,61.6200,60.7900,61.6000,619300
2012-10-24,61.1300,61.6600,60.9100,61.0200,749100
2012-10-23,61.1600,61.3400,60.4250,60.7400,788000
2012-10-22,61.4200,61.6400,61.1100,61.5500,580900
2012-10-19,61.6100,61.9700,61.1700,61.4100,564700
2012-10-18,61.5600,61.9200,61.5100,61.6900,575200
2012-10-17,61.0600,61.6900,61.0600,61.5900,542000
2012-10-16,60.9100,61.2600,60.6700,60.9400,450800
2012-10-15,60.5000,60.8100,60.1300,60.7800,531000
2012-10-12,60.9400,60.9400,60.2500,60.3800,447700
2012-10-11,60.9100,61.0300,60.5300,60.7600,754000
2012-10-10,60.8200,61.0100,60.4000,60.5900,632900
2012-10-09,60.5600,60.8800,60.4700,60.7200,232600
2012-10-08,60.6400,60.8900,60.4000,60.6800,233900
2012-10-05,60.7500,61.0800,60.5700,60.6700,473100
2012-10-04,60.4300,60.9600,60.3208,60.5800,355300
2012-10-03,59.9200,60.2512,59.8108,60.2300,700800
2012-10-02,59.6400,59.9800,59.5100,59.8000,487800
2012-10-01,59.9300,60.1600,59.4700,59.5100,527000
2012-09-28,59.6900,60.0900,59.3300,59.9400,1038800
2012-09-27,60.1100,60.1100,59.4200,59.7600,966500
2012-09-26,59.8500,60.9050,59.8000,60.0000,769800
2012-09-25,59.6100,60.0900,59.3400,59.7100,796000
2012-09-24,58.7900,59.6000,58.7100,59.5500,515600
2012-09-21,58.9200,58.9200,58.5300,58.8100,1078300
2012-09-20,58.4400,58.9100,58.3500,58.7800,588600
2012-09-19,58.4600,58.7200,58.3700,58.5600,644900
2012-09-18,58.5200,58.5850,58.0600,58.4600,938000
2012-09-17,58.7800,59.0200,58.3130,58.5200,721900
2012-09-14,59.1700,59.5200,58.6100,58.8100,767300
2012-09-13,58.6800,59.2900,58.5700,59.2700,759300
2012-09-12,59.6700,59.6700,59.1150,59.2400,1004900
2012-09-11,59.6100,59.8500,59.4500,59.6100,742900
2012-09-10,59.6800,59.6800,59.4400,59.4800,355700
2012-09-07,59.6900,59.8000,59.3600,59.4900,440900
2012-09-06,59.4100,59.7500,59.2900,59.6900,431200
2012-09-05,59.3700,59.5700,59.0200,59.1000,676900
2012-09-04,58.6000,59.4500,58.4200,59.4200,2314000
2012-08-31,58.7400,58.7678,58.2200,58.4000,1930400
2012-08-30,58.7200,58.7899,58.4200,58.5800,396600
2012-08-29,58.9000,59.0600,58.6800,58.8600,417900
2012-08-28,59.0300,59.0800,58.6800,58.9700,424800
2012-08-27,58.7400,59.0900,58.6700,58.9800,473400
2012-08-24,58.4500,58.8300,58.3500,58.7400,1015900
2012-08-23,59.4200,59.4500,58.4600,58.5300,763400
2012-08-22,59.7600,60.0100,59.4600,59.4900,443900
2012-08-21,60.6000,60.6050,59.8500,59.8600,646100
2012-08-20,60.4700,60.5387,60.1500,60.4500,555100
2012-08-17,60.6200,60.6200,60.0500,60.5300,837900
2012-08-16,60.3400,60.4300,60.0000,60.3900,767500
2012-08-15,60.0000,60.3100,59.7500,60.2400,694000
2012-08-14,60.3300,60.6000,59.8800,60.0100,708300
2012-08-13,60.3700,60.4400,60.0900,60.2100,592500
2012-08-10,60.2000,60.5900,60.0300,60.5100,598600
2012-08-09,60.6800,60.6900,60.0580,60.2200,512900
2012-08-08,60.7900,60.8800,60.3700,60.7000,525700
2012-08-07,61.7200,61.7500,60.7800,60.8000,726700
2012-08-06,61.8500,62.1900,61.3500,61.4500,594100
2012-08-03,61.7100,61.7850,61.1200,61.6500,796000
2012-08-02,60.7900,61.3900,60.4200,60.9400,791300
2012-08-01,61.2000,61.2000,61.2000,61.2000,894600
2012-07-31,61.6900,61.9600,61.3200,61.3700,1077500
2012-07-30,61.1500,62.2200,61.1500,61.6600,842900
2012-07-27,61.3500,62.0800,60.8800,61.1500,1170600
2012-07-26,60.0600,60.5500,59.8200,60.1200,996500
2012-07-25,59.5400,59.8600,59.0700,59.3300,592300
2012-07-24,60.0000,60.1500,59.1000,59.3700,1097300
2012-07-23,60.0500,60.7300,60.0400,60.1700,701600
2012-07-20,60.5100,61.2500,60.4400,61.0300,703500
2012-07-19,60.8700,60.9800,60.1300,60.6800,778700
2012-07-18,60.5700,60.8700,60.5200,60.8600,445000
2012-07-17,60.3900,60.7800,60.1600,60.6000,763400
2012-07-16,59.9900,60.5500,59.8400,60.2400,856400
2012-07-13,59.3900,60.1901,59.2600,59.9900,719700
2012-07-12,59.0300,59.4200,58.8300,59.2300,480500
2012-07-11,59.0300,59.2700,58.7600,59.0900,713600
2012-07-10,59.0000,59.2700,58.8700,58.9900,490300
2012-07-09,59.1800,59.3100,58.6000,58.9700,667600
2012-07-06,58.8900,59.3500,58.7800,59.2400,542000
2012-07-05,59.3400,59.7500,59.1900,59.1900,716300
2012-07-03,59.3600,59.5800,59.2600,59.5500,373600
2012-07-02,58.7800,59.9700,58.7800,59.3800,1340100
2012-06-29,59.7900,59.8500,58.9500,59.3300,881200
2012-06-28,58.3000,59.0500,58.2000,59.0200,652100
2012-06-27,58.4000,58.8500,58.3100,58.6500,628500
2012-06-26,58.2900,58.4550,57.9200,58.1700,625200
2012-06-25,58.0700,58.2800,57.8300,58.1500,543300
2012-06-22,58.5800,58.7600,58.3700,58.4200,862800
2012-06-21,59.3400,59.6900,58.4200,58.4800,832000
2012-06-20,59.6100,59.6100,58.8900,59.0800,799500
2012-06-19,59.8900,60.1400,59.3900,59.4600,771600
2012-06-18,59.5700,60.0200,59.3100,59.9400,876300
2012-06-15,59.8400,60.2500,59.6800,60.0900,1534500
2012-06-14,58.7900,59.5500,58.6800,59.4700,1090900
2012-06-13,58.4900,58.9900,58.3100,58.7700,1026400
2012-06-12,58.4200,58.6500,58.0300,58.6400,870000
2012-06-11,58.2700,58.7000,58.0900,58.1400,2441900
2012-06-08,57.3800,58.0600,57.3800,57.9900,2481900
2012-06-07,58.0000,58.0300,57.5400,57.5900,2446000
2012-06-06,57.3700,57.7600,57.0750,57.7600,670700
2012-06-05,56.6100,57.5000,56.4400,57.1500,696200
2012-06-04,56.3500,56.8200,56.1800,56.8000,859600
2012-06-01,56.2900,56.7500,56.2000,56.3600,600900
2012-05-31,56.2300,57.3800,56.1700,56.8300,1344600
2012-05-30,56.6100,56.9200,56.1600,56.2500,527200
2012-05-29,56.8500,56.8500,56.3900,56.8400,387500
2012-05-25,56.4500,56.8000,56.4200,56.5600,533400
2012-05-24,55.9400,56.4600,55.8700,56.4500,737100
2012-05-23,55.9700,56.3300,55.5600,55.9000,881000
2012-05-22,55.8700,56.3380,55.7000,56.1500,773400
2012-05-21,55.1300,55.7600,55.0000,55.7300,786100
2012-05-18,55.2300,55.5400,54.9500,55.0600,921700
2012-05-17,56.0000,56.0000,55.0400,55.0700,961200
2012-05-16,55.8900,56.0500,55.6300,55.8900,548600
2012-05-15,56.5000,56.5600,55.5800,55.8400,1170400
2012-05-14,55.8500,56.4300,55.8200,56.2800,831500
2012-05-11,56.2000,56.6400,56.0500,56.3400,447000
2012-05-10,55.8800,56.4800,55.7900,56.3400,807900
2012-05-09,55.2300,55.7500,55.1900,55.5800,1158000
2012-05-08,55.2300,55.8900,55.1700,55.6900,925000
2012-05-07,55.7100,55.8600,55.3800,55.4800,862200
2012-05-04,55.9100,56.4400,55.6900,55.7600,1007500
2012-05-03,56.1500,56.7300,56.0500,56.1500,665000
2012-05-02,56.6600,56.6600,56.1400,56.3100,740000
2012-05-01,56.4900,57.0000,56.0900,56.8000,877200
2012-04-30,56.4000,56.7800,56.2200,56.3800,1057300
2012-04-27,56.5000,56.6500,55.8400,56.4000,833100
2012-04-26,56.2000,56.6000,55.8600,56.5300,899400
2012-04-25,56.2400,56.4300,55.8500,56.2400,839200
2012-04-24,55.3900,56.0150,55.3500,55.9800,860100
2012-04-23,55.1300,55.3200,54.9000,55.2700,891100
2012-04-20,54.9000,55.6500,54.7400,55.4600,1253800
2012-04-19,55.1400,55.1400,54.5300,54.7200,1004200
2012-04-18,55.0900,55.3400,54.9100,55.1300,864100
2012-04-17,55.3200,55.4300,54.7200,55.3600,704200
2012-04-16,54.4900,55.1500,54.3800,55.0100,961500
2012-04-13,54.3700,54.8400,54.2500,54.2500,1493300
2012-04-12,54.1000,54.5750,53.7000,54.5200,755500
2012-04-11,54.2400,54.2400,53.8800,54.1200,1055500
2012-04-10,54.3100,54.3400,53.7200,53.8300,1291600
2012-04-09,54.3200,54.6800,54.2600,54.4800,982500
2012-04-05,55.0000,55.0300,54.6100,54.7800,627600
2012-04-04,54.8500,55.3200,54.8001,55.1900,894400
2012-04-03,55.2900,55.4300,54.8100,55.2200,1400500
2012-04-02,55.0500,55.6000,54.9200,55.2000,1305200
2012-03-30,55.1000,55.3500,54.8400,55.0300,1223100
2012-03-29,54.6200,54.9500,54.3200,54.8600,1443000
2012-03-28,55.3600,55.5500,54.5700,54.8200,908600
2012-03-27,55.4300,55.6200,55.2000,55.3400,1220700
2012-03-26,55.2600,55.5300,55.1600,55.4400,2093300
2012-03-23,54.2900,54.7200,54.2500,54.6600,1392500
2012-03-22,54.0600,54.2500,53.8700,54.1800,1274200
2012-03-21,54.5800,54.7300,54.2300,54.2300,806100
2012-03-20,54.5000,54.8100,54.4100,54.5800,685500
2012-03-19,55.0500,55.1900,54.5800,54.6700,994400
2012-03-16,54.7100,55.1100,54.4300,55.0400,1653300
2012-03-15,54.9200,54.9200,54.1900,54.7200,1019600
2012-03-14,56.4700,56.5200,55.1900,55.2600,1760800
2012-03-13,56.0000,56.4900,55.8800,56.4600,1274300
2012-03-12,55.4100,55.9900,55.4100,55.8800,2461900
2012-03-09,55.0300,55.4400,54.8300,55.3800,2568200
2012-03-08,54.5000,55.0500,54.3700,55.0300,2953900
2012-03-07,53.8600,54.3200,53.5854,54.2900,936700
2012-03-06,54.1000,54.1800,53.7500,53.8700,885800
2012-03-05,54.2000,54.4700,53.7300,54.3600,583800
2012-03-02,54.3600,54.5100,54.0900,54.3500,668800
2012-03-01,54.1000,54.5800,53.9240,54.4100,914200
2012-02-29,54.3300,54.4400,53.6700,53.9900,981700
2012-02-28,54.5500,54.6800,54.1400,54.3900,821200
2012-02-27,54.6400,54.7200,54.2200,54.3200,1690400
2012-02-24,54.8300,55.0600,54.6800,54.8500,670500
2012-02-23,54.4500,54.9500,54.2400,54.8100,1008900
2012-02-22,54.4800,54.6100,54.1100,54.3800,1092300
2012-02-21,54.3600,54.5900,54.1500,54.3400,847900
2012-02-17,54.1800,54.6000,54.1100,54.3000,1099700
2012-02-16,53.4900,54.2800,53.4900,54.0000,1374800
2012-02-15,53.4100,53.5500,52.7600,53.2100,1296500
2012-02-14,53.7100,53.8200,53.0500,53.3900,1033100
2012-02-13,54.1500,54.2700,53.6000,53.7200,806000
2012-02-10,54.0500,54.2400,53.8100,53.9500,603900
2012-02-09,54.5000,54.5300,53.9900,54.2600,537600
2012-02-08,54.3700,54.5582,54.1100,54.5200,649500
2012-02-07,53.1600,54.4700,53.0600,54.3800,1285500
2012-02-06,53.4200,53.5600,53.0400,53.1700,582800
2012-02-03,53.9200,54.1400,53.4800,53.7100,655300
2012-02-02,53.5100,53.7200,53.2900,53.5500,433000
2012-02-01,53.4100,53.6100,53.2500,53.4500,714900
2012-01-31,53.4300,53.5800,53.0400,53.2100,827000
2012-01-30,53.3400,53.4700,52.9700,53.1600,754500
2012-01-27,54.2500,54.2500,53.3400,53.6000,960000
2012-01-26,54.1000,54.4900,53.8800,54.3400,869600
2012-01-25,52.8200,54.1000,52.4600,54.0600,922300
2012-01-24,53.0800,53.2800,52.7700,52.9600,553300
2012-01-23,53.6100,53.8500,53.0700,53.2700,875000
2012-01-20,53.0700,53.6300,53.0000,53.6300,765500
2012-01-19,53.4900,53.5500,52.7850,52.9900,756300
2012-01-18,53.6100,53.6100,53.1300,53.5300,659100
2012-01-17,53.8900,54.0800,53.3900,53.5700,744300
2012-01-13,53.3600,53.5600,52.9800,53.4800,696700
2012-01-12,53.6100,53.8500,53.4600,53.5800,563900
2012-01-11,53.6900,53.8500,53.4500,53.5800,628400
2012-01-10,54.0100,54.1000,53.6000,53.7600,866500
2012-01-09,53.6800,53.7300,53.2800,53.5200,545500
2012-01-06,54.0000,54.0199,53.4000,53.5200,689700
2012-01-05,53.5700,54.1700,53.2600,53.9900,940800
2012-01-04,53.8800,54.1200,53.5000,53.6000,813800
2012-01-03,54.9400,55.0400,53.7200,53.8700,1080500
2011-12-30,55.2200,55.2800,54.4500,54.4500,901500
2011-12-29,54.8100,55.1000,54.7100,55.0200,629400
2011-12-28,55.1500,55.2100,54.5500,54.6400,567700
2011-12-27,54.7000,55.1500,54.4800,55.0500,438800
2011-12-23,54.4500,54.9900,54.3900,54.7000,546600
2011-12-22,54.3100,54.3700,53.9700,54.2100,778300
2011-12-21,53.6600,54.3800,53.6600,54.2500,956100
2011-12-20,52.6100,53.6800,52.5900,53.5900,1218200
2011-12-19,52.0500,52.3500,51.8700,52.2300,1706800
2011-12-16,51.6700,52.0200,51.3050,51.4400,1428600
2011-12-15,51.6600,51.7700,51.3300,51.5100,1375000
2011-12-14,52.0100,52.2700,51.5100,51.7200,1338600
2011-12-13,52.1500,52.6000,51.8000,51.9900,1031000
2011-12-12,52.0000,52.2000,51.4200,51.9300,3630200
2011-12-09,51.6400,52.3200,51.6400,52.1800,1037800
2011-12-08,52.2000,52.2000,51.3500,51.4600,1124700
2011-12-07,52.4400,52.5500,51.9300,52.2900,1058200
2011-12-06,52.4500,52.9700,52.3200,52.6000,1104500
2011-12-05,52.2200,52.5600,51.8600,52.3100,1058300
2011-12-02,52.8600,52.9499,51.6000,51.6900,1154200
2011-12-01,52.6400,53.0000,52.3300,52.6300,693500
2011-11-30,52.1000,52.6800,51.9300,52.6500,1123500
2011-11-29,50.4800,51.1600,50.3800,50.9400,572700
2011-11-28,50.3000,50.7300,50.0000,50.2600,773400
2011-11-25,49.2900,49.8700,49.2800,49.4300,402500
2011-11-23,49.7400,49.7400,49.0600,49.3300,977800
2011-11-22,50.5300,50.5900,49.8600,50.0400,942600
2011-11-21,50.7000,50.8700,50.1600,50.6600,1213500
2011-11-18,51.0500,51.3800,50.7900,51.2100,708600
2011-11-17,51.2800,51.5200,50.4400,50.9200,953000
2011-11-16,51.8500,52.0400,51.2800,51.3000,1109000
2011-11-15,51.6900,52.3700,51.4800,52.2300,940700
2011-11-14,52.1500,52.1500,51.5300,51.6500,868100
2011-11-11,51.6500,52.2600,51.6300,52.2600,824100
2011-11-10,51.3000,51.4880,50.7500,51.1800,1043200
2011-11-09,51.5400,51.5500,50.7900,50.8900,1639400
2011-11-08,52.2400,52.3500,51.7100,52.2900,1220100
2011-11-07,51.9300,52.1300,51.4700,51.9900,977900
2011-11-04,52.1400,52.6500,51.5500,52.1200,1349400
2011-11-03,52.0700,52.5500,51.6900,52.1900,2052200
2011-11-02,51.5100,52.3900,51.5100,51.8900,1368800
2011-11-01,50.9700,51.6700,50.5900,50.7000,1221500
2011-10-31,51.9900,52.8200,51.7800,52.1100,1476900
2011-10-28,52.2300,52.4000,51.6700,52.3000,1073200
2011-10-27,52.6100,52.6200,51.7200,52.0600,1138900
2011-10-26,51.3200,51.4700,50.6900,51.0000,1040200
2011-10-25,51.7800,51.7900,51.0400,51.1300,814700
2011-10-24,51.9500,52.1700,51.5100,51.9700,959600
2011-10-21,51.8400,52.0000,51.4200,51.8900,1079800
2011-10-20,51.0500,51.5300,50.9600,51.3200,1463400
2011-10-19,50.8900,51.6100,50.7400,50.9200,848200
2011-10-18,50.6100,51.1500,49.9810,50.8300,1097200
2011-10-17,50.5300,50.8790,50.4400,50.4900,1203100
2011-10-14,50.8200,50.8500,50.3500,50.5800,930500
2011-10-13,49.9400,50.3700,49.5500,50.3200,1146000
2011-10-12,50.7500,50.7600,50.0200,50.0700,1026900
2011-10-11,50.6500,50.8200,50.1800,50.5400,944500
2011-10-10,50.5600,51.0200,50.3200,51.0200,794900
2011-10-07,50.1000,50.3400,49.6300,49.9100,1408400
2011-10-06,48.8000,49.8800,48.6300,49.8400,1040500
2011-10-05,48.7100,48.9500,47.9900,48.9000,1369400
2011-10-04,47.7000,48.7600,47.0300,48.7100,3000000
2011-10-03,49.0200,49.6100,48.0600,48.0600,1377400
2011-09-30,49.0900,49.7700,49.0100,49.0200,1190100
2011-09-29,49.2100,49.6400,48.8100,49.4500,989700
2011-09-28,49.3400,49.7000,48.4700,48.5600,1199000
2011-09-27,49.4300,49.9600,49.1600,49.3700,1221600
2011-09-26,48.9600,49.1800,48.3900,49.1200,1992100
2011-09-23,48.0600,48.7200,48.0600,48.4700,1476800
2011-09-22,48.2400,48.8600,47.8200,48.1300,1753300
2011-09-21,50.9100,50.9100,49.5000,49.5000,1390500
2011-09-20,50.6000,52.0000,50.5200,50.9900,1437100
2011-09-19,49.8100,50.5200,49.8100,50.3400,1103800
2011-09-16,50.1700,50.8800,50.1700,50.5600,1455400
2011-09-15,49.3600,50.0900,48.9400,50.0900,2211700
2011-09-14,49.6900,50.1200,49.1542,49.6200,1423500
2011-09-13,49.3500,49.5900,48.8400,49.5400,1370900
2011-09-12,48.4700,49.2000,48.0600,49.1900,4217200
2011-09-09,49.0300,49.1100,48.1600,48.4700,1867300
2011-09-08,49.4000,50.0400,49.2800,49.4000,1784800
2011-09-07,49.2900,49.5600,49.0300,49.5100,971600
2011-09-06,48.5800,48.9400,48.0500,48.8700,1183900
2011-09-02,49.6200,49.9800,49.2900,49.6400,1005000
2011-09-01,50.7200,50.8100,49.9200,49.9800,1078600
2011-08-31,50.2900,50.7850,50.1700,50.5600,1018600
2011-08-30,50.1300,50.4300,49.8900,50.1600,1556000
2011-08-29,49.9100,50.2800,49.6800,50.2600,697500
2011-08-26,49.0600,49.6500,48.0800,49.3700,1185200
2011-08-25,50.0400,50.0500,48.9000,49.3600,1581300
2011-08-24,49.0000,50.0000,48.7900,49.9300,1474500
2011-08-23,47.4300,48.9400,47.1700,48.9400,2221000
2011-08-22,48.1000,48.2300,47.1400,47.2600,1512200
2011-08-19,47.3800,47.9600,47.1800,47.5100,1547800
2011-08-18,47.6600,48.0400,47.2400,47.7600,1908300
2011-08-17,48.4300,49.0700,48.3000,48.4400,1083800
2011-08-16,47.9600,48.3600,47.6400,48.2300,1285900
2011-08-15,47.2300,48.4300,47.1900,48.3600,1381600
2011-08-12,47.5900,47.8500,46.7000,46.9500,1544500
2011-08-11,45.3100,47.9000,45.1500,47.3900,2007000
2011-08-10,45.0700,46.3200,44.8600,45.1700,2504500
2011-08-09,44.3200,45.8800,43.2200,45.8400,4094800
2011-08-08,46.2100,46.8000,43.8500,44.0300,2256100
2011-08-05,47.5200,47.7400,46.2000,47.1300,2443200
2011-08-04,48.0300,48.3800,47.0900,47.0900,1753400
2011-08-03,48.3900,48.5300,47.7700,48.4800,1278500
2011-08-02,49.1200,49.2000,48.4000,48.4000,1128200
2011-08-01,50.3000,50.3900,49.0750,49.3300,1250000
2011-07-29,50.5200,50.6600,49.7300,49.8400,1176300
2011-07-28,51.2600,51.6400,50.4100,50.8800,1125300
2011-07-27,51.0100,51.0800,50.5800,50.7100,751300
2011-07-26,51.3500,51.3500,50.9200,51.0800,544600
2011-07-25,50.8200,51.4400,50.7500,51.2800,581100
2011-07-22,51.3800,51.6300,51.1400,51.2300,642700
2011-07-21,50.7600,51.8300,50.5800,51.6800,1170400
2011-07-20,50.0800,50.6000,49.9400,50.5200,746800
2011-07-19,49.8600,50.1000,49.4400,50.0500,803700
2011-07-18,50.3100,50.3100,49.4700,49.7900,908100
2011-07-15,50.1700,50.3700,49.7300,50.3300,1304900
2011-07-14,49.8900,50.1700,49.7300,49.8600,1172400
2011-07-13,50.2600,50.3500,49.7000,49.7800,749400
2011-07-12,49.6900,50.3600,49.6400,50.0100,750900
2011-07-11,49.8800,49.9700,49.6000,49.7100,600700
2011-07-08,50.2000,50.4700,50.0850,50.3700,564400
2011-07-07,50.8800,50.8800,50.4800,50.6400,559700
2011-07-06,50.3600,50.7000,50.2300,50.5000,630900
2011-07-05,50.8000,50.9800,50.5100,50.6100,752200
2011-07-01,50.1300,50.8500,50.0700,50.8000,735300
2011-06-30,50.0300,50.1100,49.7300,50.0200,554400
2011-06-29,49.9100,50.0600,49.7200,49.9900,740000
2011-06-28,49.5200,50.0400,49.4500,49.7300,748400
2011-06-27,49.0300,49.5587,49.0300,49.4800,687900
2011-06-24,48.8300,49.3500,48.7700,49.0400,1183700
2011-06-23,48.7900,48.8700,48.3300,48.6900,965900
2011-06-22,49.4400,49.5600,49.1500,49.2200,781900
2011-06-21,49.4100,49.9800,49.2000,49.6900,1077700
2011-06-20,49.0600,49.3300,48.6800,49.2500,851000
2011-06-17,49.2800,49.4800,49.0800,49.2400,1228100
2011-06-16,48.9400,49.0800,48.6500,49.0200,1276800
2011-06-15,49.5600,49.9500,49.2500,49.4200,1093100
2011-06-14,49.9500,50.1500,49.6800,49.8000,1075800
2011-06-13,49.3800,49.9000,49.2000,49.6700,742000
2011-06-10,49.4600,49.6400,49.3100,49.3400,904600
2011-06-09,49.7200,49.8400,49.3375,49.5700,982900
2011-06-08,49.8300,50.0900,49.4100,49.7800,1088600
2011-06-07,50.0800,50.4098,49.9500,49.9600,683700
2011-06-06,50.2400,50.2400,49.7900,50.0000,509900
2011-06-03,50.0000,50.5400,49.9000,50.2600,536600
2011-06-02,50.8700,50.8800,50.2000,50.7100,854200
2011-06-01,51.4200,51.5800,50.8500,50.8500,756300
2011-05-31,51.5800,51.6800,51.1600,51.6200,1371700
2011-05-27,51.2600,51.3871,50.9200,51.1200,527700
2011-05-26,50.9800,51.1100,50.6100,51.0400,840600
2011-05-25,51.2900,51.3500,50.8000,51.1200,1036400
2011-05-24,51.4600,51.8200,51.3600,51.5100,837200
2011-05-23,51.4700,51.8880,51.4100,51.4700,955800
2011-05-20,51.8000,52.1600,51.5600,51.9000,883400
2011-05-19,51.7900,51.9600,51.6200,51.9100,791100
2011-05-18,52.1400,52.1400,51.4400,51.6800,1081400
2011-05-17,52.0300,52.4300,51.7000,52.1200,955100
2011-05-16,52.2900,52.7800,51.9700,52.0500,846500
2011-05-13,52.4500,52.7200,52.1300,52.5400,950300
2011-05-12,51.8500,52.5300,51.8000,52.4500,729000
2011-05-11,51.9000,52.2000,51.6700,51.9400,1685000
2011-05-10,51.3600,52.1600,51.2900,51.9900,1121400
2011-05-09,51.0600,51.2900,50.7200,51.1900,1038200
2011-05-06,51.6700,51.6800,50.9100,51.1600,753600
2011-05-05,51.2900,51.3000,50.6200,50.8400,969000
2011-05-04,51.1700,51.5200,50.9600,51.4700,1389800
2011-05-03,51.0000,51.6600,50.8100,51.4600,2431600
2011-05-02,50.6200,51.1700,50.6200,51.0900,1431000
2011-04-29,49.9100,50.5800,49.8000,50.5300,1235800
2011-04-28,49.5100,50.0000,49.4900,49.9600,1156600
2011-04-27,49.0000,49.7500,48.8600,49.6200,1083900
2011-04-26,49.4500,49.6100,48.2300,48.8700,2392100
2011-04-25,49.5300,49.5300,49.0500,49.4100,807300
2011-04-21,49.4600,49.5500,49.1900,49.4700,525600
2011-04-20,49.1400,49.5600,49.0700,49.4000,702900
2011-04-19,48.8900,49.0000,48.6700,48.7000,585100
2011-04-18,48.9400,49.3300,48.6300,48.8000,843800
2011-04-15,48.5800,49.4800,48.5300,49.3400,1095600
2011-04-14,48.2300,48.4800,48.0600,48.3700,924200
2011-04-13,48.4600,48.7900,48.3900,48.4800,1015900
2011-04-12,48.6200,48.7900,48.1700,48.3500,736700
2011-04-11,49.3000,49.4200,48.5500,48.7300,857300
2011-04-08,49.6400,49.7200,48.8000,49.2100,753700
2011-04-07,49.6200,49.7400,49.3600,49.5000,906300
2011-04-06,49.5900,49.9500,49.5500,49.6400,841200
2011-04-05,49.2400,49.6800,49.2400,49.4900,1078100
2011-04-04,49.4200,49.4700,49.2200,49.3700,662500
2011-04-01,49.1100,49.4200,49.1100,49.3600,903000
2011-03-31,48.9900,49.2750,48.6200,48.9600,1227000
2011-03-30,48.2400,49.1100,48.2400,48.9900,1482200
2011-03-29,47.5700,48.1500,47.4900,48.1000,1031100
2011-03-28,47.9000,48.2900,47.5100,47.5100,809000
2011-03-25,47.7000,48.0300,47.5200,47.7800,629500
2011-03-24,47.7500,47.8900,47.3050,47.6900,716300
2011-03-23,47.4900,47.7000,47.1800,47.4700,963900
2011-03-22,47.6900,47.8300,47.4000,47.5200,973800
2011-03-21,47.4400,47.7200,47.2600,47.7000,1062400
2011-03-18,47.6400,47.7100,46.8500,47.0300,1651200
2011-03-17,47.5700,47.7500,47.0100,47.2500,1537800
2011-03-16,48.1900,48.2800,47.5400,47.6700,2833300
2011-03-15,47.6500,48.3000,47.6100,48.1800,3502700
2011-03-14,48.6000,48.7000,48.0200,48.4700,1595900
2011-03-11,48.7200,49.0600,48.4900,48.9900,1150500
2011-03-10,48.8800,49.3600,48.5100,48.5200,1726600
2011-03-09,48.5300,49.2500,48.5000,49.1700,1795600
2011-03-08,48.2500,48.7800,48.1400,48.7000,2058200
2011-03-07,47.7800,48.3000,47.7800,48.0900,3632200
2011-03-04,47.5000,47.7200,47.1600,47.7200,3456100
2011-03-03,47.1900,47.7200,46.9700,47.5800,2959200
2011-03-02,46.6800,46.9800,46.4300,46.9500,963200
2011-03-01,47.2400,47.5100,46.5700,46.6500,951900
2011-02-28,47.0400,47.5500,46.8600,47.0800,953700
2011-02-25,46.7300,47.0100,46.5200,46.9800,787300
2011-02-24,46.6400,46.8600,46.4850,46.6200,1157800
2011-02-23,46.4700,46.8000,46.4600,46.5600,1035300
2011-02-22,46.6800,47.1100,46.4000,46.4500,1291800
2011-02-18,46.9000,47.3400,46.8500,47.1300,906300
2011-02-17,46.6000,47.0000,46.6000,46.8500,610500
2011-02-16,46.7900,46.9950,46.5500,46.7000,659500
2011-02-15,46.4500,46.9100,46.4350,46.7400,553200
2011-02-14,46.8500,46.9300,46.4000,46.6400,614200
2011-02-11,46.7700,47.0200,46.5810,46.9400,801500
2011-02-10,46.8100,47.2150,46.6800,46.8900,769300
2011-02-09,46.3800,47.3500,46.2900,46.9800,1291800
2011-02-08,46.4000,46.6700,46.3200,46.4500,1187700
2011-02-07,46.3500,46.6102,46.2100,46.3300,723100
2011-02-04,46.3200,46.4500,46.0600,46.3000,720200
2011-02-03,46.1200,46.4500,46.0200,46.3600,568200
2011-02-02,46.4200,46.4700,46.1400,46.2300,847600
2011-02-01,46.5700,46.6500,46.3400,46.6300,600000
2011-01-31,46.2500,46.5700,46.2300,46.2600,864600
2011-01-28,47.0100,47.1200,46.1450,46.2200,753800
2011-01-27,46.5900,47.1400,46.4900,47.0100,739600
2011-01-26,46.9300,47.1600,46.4900,46.5300,719700
2011-01-25,46.8500,46.9700,46.5800,46.8900,693200
2011-01-24,46.6000,46.9100,46.5050,46.9000,687800
2011-01-21,46.9700,47.0000,46.5100,46.5200,2000900
2011-01-20,46.5700,47.0000,46.5300,46.7500,820400
2011-01-19,46.9300,46.9400,46.4600,46.5600,683000
2011-01-18,47.0400,47.0400,46.6100,46.9100,1019500
2011-01-14,46.7000,46.9500,46.5800,46.8500,958100
2011-01-13,46.6000,46.8800,46.5200,46.7200,1069300
2011-01-12,46.7400,46.8300,46.4900,46.6600,636100
2011-01-11,46.2200,46.6900,46.1600,46.4400,1441900
2011-01-10,46.1300,46.2600,45.8200,46.1400,1470500
2011-01-07,45.7500,46.3500,45.6100,46.3400,1485000
2011-01-06,45.7400,45.7400,45.1650,45.6700,1246700
2011-01-05,45.6900,45.9900,45.5900,45.8400,1086600
2011-01-04,45.7000,45.9200,45.3400,45.8300,876900
2011-01-03,45.5600,45.7200,45.3200,45.5700,780900
2010-12-31,45.3800,45.5200,45.1800,45.3200,827200
2010-12-30,45.1400,45.5400,45.1400,45.3800,760400
2010-12-29,45.1000,45.3200,45.0400,45.2200,496000
2010-12-28,45.2300,45.2300,44.9500,45.1700,532700
2010-12-27,45.4400,45.4500,45.0600,45.0900,700000
2010-12-23,45.4000,45.6100,45.3200,45.4800,510200
2010-12-22,45.1300,45.4000,44.9400,45.3900,555800
2010-12-21,45.7500,45.8700,45.4400,45.5300,796700
2010-12-20,45.5700,45.7500,45.2900,45.6100,851500
2010-12-17,45.4500,45.5000,44.9400,45.3700,1776800
2010-12-16,45.4100,45.7100,45.2400,45.6100,947000
2010-12-15,46.1600,46.2600,45.3600,45.4100,1356700
2010-12-14,46.3600,46.5900,46.1100,46.1700,745300
2010-12-13,46.3200,46.3700,45.7600,46.2100,1025500
2010-12-10,45.8000,46.1800,45.7500,46.1100,794300
2010-12-09,45.4200,45.8000,45.2800,45.6700,785500
2010-12-08,45.4300,45.6600,45.2100,45.2700,966600
2010-12-07,45.6000,46.1300,45.3600,45.4600,1137700
2010-12-06,45.5000,45.6500,45.3000,45.3000,1728300
2010-12-03,45.3700,45.5900,45.0900,45.5800,637800
2010-12-02,45.2700,45.6200,45.0100,45.5300,3036900
2010-12-01,44.9700,45.4800,44.9400,45.4000,3109800
2010-11-30,44.4600,44.8899,44.3500,44.5500,3475100
2010-11-29,44.7800,44.8100,44.2700,44.8100,1143000
2010-11-26,45.1600,45.4200,44.8200,45.1000,705800
2010-11-24,45.4400,45.4800,45.1400,45.3800,657100
2010-11-23,45.5900,45.6200,45.0400,45.1400,1194300
2010-11-22,45.5100,45.9100,45.3900,45.8800,902400
2010-11-19,45.3700,45.9990,45.2600,45.7100,1707700
2010-11-18,45.3400,45.3800,45.0000,45.3100,600900
2010-11-17,45.1600,45.3700,44.9000,44.9700,631700
2010-11-16,45.6000,45.7100,44.7900,45.1100,905400
2010-11-15,45.7700,46.1000,45.7200,45.7200,713500
2010-11-12,45.8500,45.9200,45.5100,45.7100,668700
2010-11-11,45.7600,46.1200,45.7600,46.0700,757200
2010-11-10,46.2600,46.2800,45.8400,45.9700,883300
2010-11-09,46.5100,46.8800,46.1200,46.2900,1007600
2010-11-08,46.6300,46.8100,46.0100,46.4800,644000
2010-11-05,47.1100,47.2200,46.7550,46.8300,543700
2010-11-04,46.6700,47.1400,46.5900,47.1000,824600
2010-11-03,46.2600,46.5100,45.9700,46.3400,782400
2010-11-02,46.0100,46.3700,45.8900,46.3100,1039100
2010-11-01,46.8600,47.2395,45.3800,45.6700,1343100
2010-10-29,46.9000,46.9700,46.5100,46.7600,1057400
2010-10-28,47.2200,47.4200,46.8300,47.2500,818200
2010-10-27,46.9000,47.0800,46.4800,47.0600,662700
2010-10-26,46.6500,47.1000,46.5800,47.0500,843700
2010-10-25,47.1700,47.3200,46.7800,46.8200,841300
2010-10-22,47.1500,47.2400,46.5962,46.9300,881400
2010-10-21,47.4400,47.5900,46.7100,46.9900,558800
2010-10-20,46.9200,47.6000,46.8000,47.2800,717400
2010-10-19,46.8500,47.4400,46.7000,46.9000,978400
2010-10-18,47.0300,47.4700,47.0300,47.2700,609700
2010-10-15,47.2600,47.2900,46.7900,47.1100,2084300
2010-10-14,47.0900,47.3500,46.7200,46.8800,592200
2010-10-13,47.2700,47.3400,47.0200,47.0900,1290500
2010-10-12,47.3800,47.3800,46.8400,46.9800,860900
2010-10-11,47.1900,47.6600,47.1900,47.4400,722800
2010-10-08,46.9300,47.3100,46.8360,47.2200,1057900
2010-10-07,47.0300,47.1700,46.7200,46.8300,914300
2010-10-06,47.0200,47.2600,46.6900,46.8600,965200
2010-10-05,46.7100,47.0400,46.4700,47.0100,1426500
2010-10-04,46.4200,46.7200,46.1600,46.3400,1104600
2010-10-01,46.2200,46.6800,45.9200,46.4800,1810700
2010-09-30,46.4000,46.5800,45.7710,45.9300,1312000
2010-09-29,45.8300,46.2400,45.7400,46.1600,1232100
2010-09-28,46.0500,46.0900,45.5000,45.9800,1364200
2010-09-27,45.9300,46.1400,45.5800,46.0100,1164800
2010-09-24,45.7600,46.2000,45.6800,45.8400,1095500
2010-09-23,45.9200,46.0400,45.4100,45.4700,1165200
2010-09-22,45.8100,46.4600,45.8000,46.1200,1409000
2010-09-21,46.6100,46.6900,45.7600,45.9900,2638900
2010-09-20,46.3100,46.7100,46.2700,46.5500,1474300
2010-09-17,46.9300,47.0600,46.2300,46.3100,2211100
2010-09-16,47.5500,47.5500,46.5100,46.6900,1608400
2010-09-15,47.8900,48.4200,47.8900,48.1900,1781500
2010-09-14,47.7400,48.3900,47.6100,48.2500,1509900
2010-09-13,47.7500,47.9600,47.3800,47.8400,1265600
2010-09-10,47.0200,47.5600,46.6700,47.4700,1607800
2010-09-09,47.3000,47.3500,46.9800,47.1000,892500
2010-09-08,47.2300,47.3500,46.7800,46.9500,3158900
2010-09-07,47.2000,47.4000,46.9000,47.1800,3323500
2010-09-03,47.7200,47.7900,47.2000,47.5400,962100
2010-09-02,48.0000,48.0000,47.1700,47.4300,1031500
2010-09-01,47.1900,47.9600,47.0900,47.8300,1746300
2010-08-31,46.5300,47.0500,46.1500,46.8500,1462100
2010-08-30,46.9600,47.2800,46.5700,46.6200,745800
2010-08-27,46.3700,47.2500,45.9600,47.1300,1143100
2010-08-26,46.2400,46.6400,46.0100,46.1400,1058600
2010-08-25,45.8700,46.3200,45.5100,46.1600,2229800
2010-08-24,45.7400,46.5000,45.6400,46.1500,1061300
2010-08-23,46.0100,46.5800,45.9400,46.1600,729900
2010-08-20,45.4400,46.0000,45.2900,45.9100,956100
2010-08-19,46.3300,46.3700,45.5000,45.8600,1219800
2010-08-18,46.6700,46.6800,46.0800,46.4400,2150200
2010-08-17,46.7400,46.8470,46.4600,46.6100,2066800
2010-08-16,45.9800,46.4800,45.5990,46.4100,1192400
2010-08-13,45.9400,46.6600,45.8901,46.2100,798800
2010-08-12,45.1700,46.5800,45.1700,46.1800,1280700
2010-08-11,46.8000,46.8000,46.1700,46.2300,1201800
2010-08-10,47.0200,47.5100,46.6300,47.2700,1651400
2010-08-09,46.9500,47.8600,46.9000,47.3300,1197800
2010-08-06,46.5900,46.9600,46.2100,46.8300,1552100
2010-08-05,46.2900,46.8400,46.1700,46.7900,1100600
2010-08-04,46.3700,46.5700,45.9900,46.4500,1550100
2010-08-03,46.3000,46.5100,46.1300,46.2800,1485100
2010-08-02,46.5900,46.9400,46.0000,46.5200,2019300
2010-07-30,45.6000,47.2400,45.6000,46.1600,3387800
2010-07-29,48.9500,49.0600,47.8400,48.1600,1064200
2010-07-28,48.8000,48.9700,48.4500,48.6700,1145000
2010-07-27,48.5100,49.0000,48.2700,48.9700,2743800
2010-07-26,48.2000,48.3900,47.9100,48.3900,1127300
2010-07-23,47.7200,48.0900,47.3400,48.0600,802700
2010-07-22,47.0900,47.8300,47.0200,47.7000,1020400
2010-07-21,47.8700,47.8700,46.5300,46.8300,1376500
2010-07-20,46.8800,47.7800,46.6100,47.7600,1600900
2010-07-19,47.1400,47.8200,46.8700,47.6800,718300
2010-07-16,48.1000,48.1300,47.0400,47.1300,1364800
2010-07-15,47.9900,48.3500,47.6100,48.2400,1074600
2010-07-14,47.9500,48.0200,47.4800,47.9200,1245600
2010-07-13,48.0000,48.3500,47.7700,48.1100,924000
2010-07-12,47.5400,47.9220,47.3100,47.6700,564500
2010-07-09,47.3500,47.7700,47.0900,47.7300,957900
2010-07-08,47.6200,47.7500,47.2200,47.4000,1108200
2010-07-07,46.0900,47.3600,45.8600,47.3500,1420700
2010-07-06,45.7000,46.2600,45.4900,45.9200,1076800
2010-07-02,45.1900,45.7400,45.0600,45.4700,1251200
2010-07-01,45.4600,45.8100,44.9300,45.0800,1357300
2010-06-30,45.6400,46.2500,45.3600,45.6100,1993500
2010-06-29,46.3300,46.3800,45.4500,45.6200,1118000
2010-06-28,46.5400,46.9600,46.1900,46.7900,652300
2010-06-25,46.5000,46.8500,45.9361,46.5300,1054400
2010-06-24,46.4000,47.0900,46.3100,46.5200,1111200
2010-06-23,46.9600,47.1800,46.3000,46.5100,1093400
2010-06-22,48.1100,48.1900,46.8500,47.0100,879900
2010-06-21,48.7200,48.8100,47.7700,48.0300,677500
2010-06-18,48.4700,48.4700,48.0900,48.3500,1603000
2010-06-17,47.7300,48.4100,47.4400,48.3500,1862700
2010-06-16,47.5500,48.6300,47.5400,48.2400,1370800
2010-06-15,47.0000,47.8100,46.7800,47.7600,1434900
2010-06-14,46.5000,46.9000,46.4100,46.5000,884400
2010-06-11,45.7700,46.1800,45.3700,46.0900,1464700
2010-06-10,45.6500,46.2300,45.5700,46.1400,1388200
2010-06-09,45.2800,45.8400,44.9200,45.1200,2056100
2010-06-08,44.5700,45.1700,44.1600,45.0700,1861100
2010-06-07,44.4400,45.0100,43.9900,44.4500,1628600
2010-06-04,45.0900,45.3200,44.2500,44.4200,1538100
2010-06-03,45.8400,46.0200,45.3700,45.9000,1342200
2010-06-02,45.2000,45.6800,44.7100,45.6200,2239300
2010-06-01,45.2200,45.7900,44.9100,44.9100,1140800
2010-05-28,45.5300,46.0000,45.4000,45.5100,961800
2010-05-27,45.2800,45.5400,44.8700,45.4900,829300
2010-05-26,44.9600,45.3750,44.4200,44.5400,1614200
2010-05-25,43.9400,44.7700,43.2900,44.7400,2041200
2010-05-24,44.9300,45.5300,44.7600,44.8600,877200
2010-05-21,44.4800,45.3900,44.1900,45.3900,1979800
2010-05-20,45.5100,46.1500,45.0000,45.1000,1863600
2010-05-19,46.8500,47.1500,46.1500,46.4900,871000
2010-05-18,48.0600,48.2600,47.1000,47.1700,1553000
2010-05-17,47.3000,47.7700,46.7600,47.6000,1095500
2010-05-14,47.5400,47.8700,47.0600,47.3000,1631200
2010-05-13,47.8100,48.4400,47.6000,47.7900,1346200
2010-05-12,47.7600,48.1700,47.4700,47.9500,954800
2010-05-11,46.9800,48.3100,46.8300,47.7200,1073900
2010-05-10,47.2600,47.5900,46.6500,47.4000,1399700
2010-05-07,46.5200,46.8800,45.4900,45.6900,2631500
2010-05-06,47.4700,47.6700,43.0000,46.5500,2440700
2010-05-05,47.9400,48.2400,47.4100,47.6400,1375100
2010-05-04,48.3500,48.6300,47.9300,48.1400,1735300
2010-05-03,48.3100,49.0500,48.1400,48.9100,1292400
2010-04-30,48.2000,48.7800,48.0000,48.1700,1530400
2010-04-29,48.4500,48.7900,48.0100,48.0700,1534400
2010-04-28,47.2100,48.4900,47.0100,48.2900,1908200
2010-04-27,47.3200,47.6800,46.7200,46.8700,1159700
2010-04-26,47.8200,47.9700,47.5100,47.5500,874400
2010-04-23,47.3000,47.9800,47.0100,47.9300,1147700
2010-04-22,46.6400,47.3300,46.4400,47.2600,1227800
2010-04-21,46.2100,46.9100,46.1850,46.8200,1357600
2010-04-20,46.1700,46.3000,45.9600,46.2100,880600
2010-04-19,45.4900,46.0800,45.4900,45.9000,1250800
2010-04-16,46.0500,46.2100,45.2000,45.6400,1515000
2010-04-15,45.9900,46.3500,45.6200,46.1200,1135400
2010-04-14,46.0400,46.0400,45.5800,45.9900,1010700
2010-04-13,46.2400,46.2500,45.7000,46.0300,539300
2010-04-12,46.3000,46.4700,46.1400,46.2500,638400
2010-04-09,45.9900,46.1300,45.5100,46.1200,688900
2010-04-08,46.0700,46.0800,45.7000,45.8800,782900
2010-04-07,46.4800,46.5600,45.8700,46.1200,622500
2010-04-06,45.5200,46.4900,45.0100,46.4800,936100
2010-04-05,45.4600,45.7500,45.2800,45.7500,677600
2010-04-01,44.7000,45.5200,44.7000,45.3800,786800
2010-03-31,45.0700,45.1000,44.4200,44.6000,1536800
2010-03-30,45.3400,45.5400,45.1200,45.2000,1110900
2010-03-29,44.8800,45.3800,44.8000,45.3800,732100
2010-03-26,44.7000,45.0400,44.4100,44.7000,1124300
2010-03-25,45.2300,45.3100,44.6300,44.6900,1176600
2010-03-24,45.1900,45.3200,44.9700,45.0400,1798000
2010-03-23,44.9400,45.3200,44.7700,45.2800,1044300
2010-03-22,44.9200,45.0800,44.7400,44.9600,789200
2010-03-19,45.1700,45.3600,44.7600,45.1000,1348600
2010-03-18,45.2100,45.3000,45.0300,45.1400,1164300
2010-03-17,45.7400,45.9300,45.4300,45.8200,1270000
2010-03-16,45.0700,45.6300,44.9700,45.6100,926900
2010-03-15,44.7600,45.0850,44.7200,45.0600,994700
2010-03-12,45.0900,45.1400,44.5200,44.8700,742700
2010-03-11,44.7200,44.9100,44.5700,44.9100,654600
2010-03-10,44.9100,44.9500,44.3800,44.8100,1342700
2010-03-09,44.6100,44.9900,44.5100,44.9400,1566800
2010-03-08,44.9800,45.1000,44.7800,44.8400,1158100
2010-03-05,44.8900,45.1400,44.6750,45.0400,1073100
2010-03-04,44.5900,44.8200,44.3200,44.7000,999500
2010-03-03,44.8200,45.2300,44.5500,44.5900,1410900
2010-03-02,44.5300,44.7800,44.4600,44.6500,964800
2010-03-01,43.7100,44.3700,43.6600,44.3100,1320900
2010-02-26,43.9500,44.1000,43.3450,43.4200,1240000
2010-02-25,43.8600,43.9900,43.1900,43.9500,1286900
2010-02-24,44.1300,44.3300,43.5700,44.2600,1238400
2010-02-23,44.4500,44.6200,43.8850,43.9900,1860500
2010-02-22,44.6800,44.9900,44.4720,44.6200,1267000
2010-02-19,43.4300,44.9000,43.4300,44.6000,2801300
2010-02-18,42.7200,43.6100,42.7200,43.5900,1161100
2010-02-17,43.2900,43.3000,42.7500,42.8800,934500
2010-02-16,42.3100,43.0700,42.2300,43.0700,824200
2010-02-12,41.9800,42.1200,41.6000,41.9500,1109400
2010-02-11,41.8100,42.3400,41.3100,42.3300,886300
2010-02-10,42.0300,42.2800,41.6300,41.9500,1080700
2010-02-09,41.9700,42.5800,41.5850,42.0000,1315700
2010-02-08,41.8400,42.0100,41.4300,41.5000,1257300
2010-02-05,41.6800,41.8600,41.2500,41.7800,2091000
2010-02-04,42.3900,42.5700,41.7500,41.7500,1295800
2010-02-03,42.9400,43.0350,42.5100,42.6800,533100
2010-02-02,42.5600,43.0500,42.0802,43.0300,812000
2010-02-01,42.2300,42.6100,41.8200,42.6100,1048400
2010-01-29,42.6000,42.7700,42.0300,42.0400,1304900
2010-01-28,42.8100,42.8300,42.2500,42.4000,1075200
2010-01-27,42.9300,42.9300,42.2500,42.7500,1079600
2010-01-26,42.4100,43.3500,42.4100,43.0400,1629600
2010-01-25,42.4700,42.9300,41.9060,42.6600,1676700
2010-01-22,42.8100,42.8700,42.0100,42.0600,2046900
2010-01-21,43.7800,44.1700,42.6800,42.8500,2047300
2010-01-20,43.8400,44.0500,43.3400,43.8800,1508000
2010-01-19,44.0400,44.4200,43.9400,44.3300,1124200
2010-01-15,44.1800,44.1800,43.4300,43.9300,1350600
2010-01-14,44.1400,44.3500,43.8300,44.2900,1011000
2010-01-13,43.9700,44.1800,43.7900,44.1200,1119600
2010-01-12,43.5900,44.0400,43.3100,43.7300,2342800
2010-01-11,43.4300,43.7800,43.0400,43.7700,1229800
2010-01-08,42.6900,43.2300,42.4500,43.1600,948800
2010-01-07,43.2200,43.3100,42.6100,42.8300,1210200
2010-01-06,43.0500,43.6000,43.0200,43.2300,1531800
2010-01-05,43.4100,43.7900,42.7450,43.0500,2127200
2010-01-04,43.9000,44.2200,43.4400,43.5400,1421600
2009-12-31,44.4000,44.6500,43.5900,43.5900,767200
2009-12-30,44.4900,44.6300,44.1800,44.3500,738100
2009-12-29,44.7500,44.9574,44.5500,44.6000,711600
2009-12-28,44.5900,44.8700,44.4100,44.6400,501900
2009-12-24,43.9500,44.6000,43.9500,44.5700,387400
2009-12-23,43.3000,43.9600,43.3000,43.9300,976100
2009-12-22,43.3000,43.5300,43.1600,43.3700,1129300
2009-12-21,43.2400,43.3700,43.1400,43.3000,1196200
2009-12-18,42.5600,43.0200,42.3100,42.9800,1626800
2009-12-17,43.1900,43.1900,42.4300,42.4800,1887200
2009-12-16,44.1700,44.1700,43.6000,43.8100,1602000
2009-12-15,44.0900,44.0900,43.5400,43.9400,1135900
2009-12-14,44.2700,44.3400,43.9500,44.1700,902000
2009-12-11,43.2400,44.0600,43.0700,43.9500,1172500
2009-12-10,42.9000,43.4250,42.7300,43.2100,897100
2009-12-09,42.5300,42.8500,42.3850,42.7500,1076700
2009-12-08,42.4900,42.6600,42.0090,42.6100,1059500
2009-12-07,42.2800,42.8900,42.0900,42.6400,1432900
2009-12-04,42.5900,42.6100,41.6500,42.1700,1592100
2009-12-03,41.9500,42.5400,41.8100,42.1200,1367700
2009-12-02,41.0200,41.9300,40.7600,41.8800,2219300
2009-12-01,40.4600,41.0400,40.4600,41.0000,1330500
2009-11-30,39.7900,40.2300,39.7800,40.1100,1023400
2009-11-27,39.9800,40.3700,39.5200,39.8300,457200
2009-11-25,40.3300,40.7300,40.2100,40.5900,1306100
2009-11-24,40.2800,40.4000,39.9500,40.2700,1128100
2009-11-23,39.8900,40.4400,39.8900,40.1400,795900
2009-11-20,39.7000,39.9200,39.5500,39.6800,1640800
2009-11-19,40.0000,40.1600,39.5800,39.8500,1259000
2009-11-18,40.1700,40.7000,40.0900,40.2700,1698100
2009-11-17,40.3000,40.5200,40.1319,40.2100,1174100
2009-11-16,39.8800,40.2450,39.7700,40.2000,1351700
2009-11-13,39.5900,39.8000,39.3300,39.6800,1504100
2009-11-12,39.3100,40.0400,39.2900,39.4500,1772000
2009-11-11,39.4900,39.7400,39.3200,39.5100,1010100
2009-11-10,39.0900,39.4400,38.9700,39.2900,1072600
2009-11-09,38.5000,39.2400,38.4800,39.1900,1715200
2009-11-06,38.3700,38.7000,38.1300,38.3400,1117300
2009-11-05,37.8700,38.5800,37.8700,38.5400,1132600
2009-11-04,37.7000,38.3800,37.5300,37.7300,1521300
2009-11-03,36.9300,37.6300,36.8100,37.5900,1594200
2009-11-02,37.1200,37.2800,36.6500,37.0500,1335600
2009-10-30,38.4100,38.4100,36.8900,36.9800,2508700
2009-10-29,37.7100,38.5100,37.3000,38.4800,1820900
2009-10-28,37.9700,37.9900,37.4200,37.6100,1285700
2009-10-27,37.6500,38.3300,37.6500,37.9300,1209100
2009-10-26,37.8800,38.3300,37.3600,37.5500,1340200
2009-10-23,38.7400,38.8400,37.7600,37.8500,953100
2009-10-22,38.6000,38.7600,38.1400,38.6100,1156800
2009-10-21,38.6100,39.0700,38.1000,38.6000,2109600
2009-10-20,38.2400,38.6700,37.8500,38.6600,3700700
2009-10-19,36.5600,38.5000,36.2800,37.9000,4057800
2009-10-16,35.9300,36.7400,35.9300,36.5300,1345300
2009-10-15,35.9500,36.3900,35.7500,36.3300,1082200
2009-10-14,35.8700,36.0000,35.5400,35.9600,1213100
2009-10-13,35.5500,35.7300,35.2900,35.6800,1377500
2009-10-12,35.1900,35.7200,35.1500,35.5100,808800
2009-10-09,34.9400,35.1200,34.7000,35.1200,632300
2009-10-08,34.9300,35.0400,34.6900,34.8800,635000
2009-10-07,34.4600,34.7900,34.3300,34.7800,688500
2009-10-06,34.2600,34.5700,34.0000,34.5700,1097700
2009-10-05,34.3100,34.3300,33.7500,34.2200,980500
2009-10-02,34.6000,34.7500,34.0000,34.0400,902700
2009-10-01,35.3000,35.3000,34.7200,34.7600,1054400
2009-09-30,35.5700,35.6000,35.0300,35.1400,934600
2009-09-29,35.4300,35.6600,35.2400,35.5800,577100
2009-09-28,35.0800,35.5800,35.0800,35.4200,354600
2009-09-25,35.1000,35.3300,35.0000,35.0300,463700
2009-09-24,35.1700,35.3700,34.9500,35.1200,862200
2009-09-23,34.8100,35.6600,34.7900,34.9800,1253600
2009-09-22,35.2400,35.4400,34.6800,34.7000,955800
2009-09-21,35.1600,35.2299,34.9500,35.1700,673600
2009-09-18,35.4500,35.6600,35.0900,35.2500,1364200
2009-09-17,35.7000,36.1500,35.1300,35.3400,1257300
2009-09-16,36.1000,36.4600,35.7900,36.4000,1129200
2009-09-15,35.7400,35.9300,35.5750,35.8900,1918400
2009-09-14,35.1600,35.7800,35.1000,35.7300,1161500
2009-09-11,35.3500,35.3900,35.0000,35.1200,683500
2009-09-10,35.2000,35.3600,34.7900,35.3200,914200
2009-09-09,34.9900,35.3600,34.9200,35.0300,1014900
2009-09-08,35.0600,35.1200,34.8500,34.9500,675100
2009-09-04,34.7300,34.8800,34.4200,34.8800,553900
2009-09-03,34.4400,34.6400,34.1300,34.6300,852000
2009-09-02,34.3000,34.5400,33.9700,34.1800,887000
2009-09-01,34.7400,35.1700,34.3900,34.4300,880200
2009-08-31,34.9200,35.0600,34.7200,34.7800,777400
2009-08-28,35.3200,35.4700,34.8100,35.0500,637400
2009-08-27,35.2700,35.4600,35.0900,35.2200,585800
2009-08-26,35.4000,35.5800,35.1700,35.4000,659600
2009-08-25,35.3800,35.7000,35.1928,35.4200,703200
2009-08-24,35.6200,35.6200,35.1000,35.3500,687200
2009-08-21,35.0000,35.3600,34.7700,35.3400,853600
2009-08-20,34.7900,34.8500,34.3200,34.7800,697600
2009-08-19,33.8000,34.8500,33.7600,34.7100,990400
2009-08-18,33.9600,34.0900,33.7500,34.0000,534400
2009-08-17,33.9100,34.4200,33.5300,33.9700,796900
2009-08-14,33.8400,34.2800,33.7000,34.1100,705000
2009-08-13,33.8900,34.1500,33.7300,33.9400,645200
2009-08-12,34.0300,34.3500,33.8300,34.0600,852600
2009-08-11,34.2100,34.2200,33.9400,34.1200,601400
2009-08-10,34.3800,34.3800,33.8700,34.2400,586000
2009-08-07,34.1000,34.5700,33.8300,34.4200,663200
2009-08-06,34.1000,34.1000,33.6500,33.8300,638600
2009-08-05,34.3000,34.3900,33.7100,33.9100,724200
2009-08-04,34.1300,34.4400,34.0200,34.2200,576800
2009-08-03,34.4400,34.8300,34.0300,34.2400,828900
2009-07-31,35.2500,35.5500,34.2300,34.4600,1425800
2009-07-30,34.6000,35.2300,34.3700,35.0800,769300
2009-07-29,34.3700,34.7500,33.9700,34.3200,976900
2009-07-28,34.8100,34.8600,34.3100,34.6300,884700
2009-07-27,34.7000,34.9900,34.5800,34.9500,593500
2009-07-24,34.0000,34.7100,34.0000,34.7000,631200
2009-07-23,33.0100,34.1000,32.8800,34.0300,980700
2009-07-22,33.0300,33.3200,32.8650,33.0500,577900
2009-07-21,33.1700,33.1700,32.7300,33.0800,551800
2009-07-20,32.8500,32.8500,32.3600,32.7800,512300
2009-07-17,32.7200,32.7500,32.2700,32.6100,776200
2009-07-16,32.5100,32.8700,32.1300,32.7300,898300
2009-07-15,32.1100,32.6100,31.9700,32.5800,1273300
2009-07-14,31.5900,31.8500,31.2000,31.8500,772600
2009-07-13,30.9300,31.5100,30.7500,31.4900,919600
2009-07-10,31.1300,31.1900,30.5900,30.8600,1221500
2009-07-09,31.3100,31.4400,30.8300,31.2400,700300
2009-07-08,31.6800,31.7300,30.9900,31.2300,937400
2009-07-07,32.3300,32.3300,31.3100,31.3600,1004500
2009-07-06,31.0100,32.3000,30.8800,32.2200,1435500
2009-07-02,32.2200,32.2200,30.7400,31.6900,812000
2009-07-01,32.1200,32.5600,31.9900,32.5200,684200
2009-06-30,32.3500,32.3500,31.6200,32.0000,1214200
2009-06-29,32.0100,32.4300,31.8600,32.4100,851100
2009-06-26,31.8600,32.0800,31.5600,31.9600,815200
2009-06-25,31.0500,31.9400,30.8501,31.8900,857100
2009-06-24,30.9400,31.3800,30.8400,31.1400,947300
2009-06-23,31.5000,31.5000,30.7000,30.8300,969200
2009-06-22,31.0600,31.6600,31.0600,31.4300,1455600
2009-06-19,32.1200,32.1800,31.2700,31.3000,1406000
2009-06-18,31.3400,32.0000,30.8000,31.9200,1042900
2009-06-17,31.1200,31.7300,31.0100,31.3500,1369000
2009-06-16,31.2400,31.4004,30.8800,31.1700,1062100
2009-06-15,31.7000,31.8100,31.0200,31.2400,931200
2009-06-12,31.3000,32.1000,31.1500,31.9600,908500
2009-06-11,30.9800,31.7800,30.8000,31.5300,1320900
2009-06-10,31.0100,31.3300,30.8701,31.3300,1225300
2009-06-09,31.2700,31.3700,30.6050,30.9000,1001200
2009-06-08,31.5700,31.6700,30.8900,31.2200,1050800
2009-06-05,31.4200,31.7800,31.0600,31.5100,1396900
2009-06-04,31.1200,31.4100,30.9800,31.2500,1009900
2009-06-03,31.3200,31.3600,30.7300,30.9400,1185600
2009-06-02,31.5500,31.6300,31.1700,31.2800,1592400
2009-06-01,30.5400,31.6400,30.5200,31.5600,1061100
2009-05-29,30.4700,30.4700,29.8400,30.2500,1301900
2009-05-28,29.6200,30.4100,29.4300,30.2400,1227800
2009-05-27,30.0800,30.1400,29.2400,29.3400,857600
2009-05-26,29.0100,30.1200,28.9000,30.1200,1040700
2009-05-22,29.0300,29.4800,28.9100,29.1300,532800
2009-05-21,29.1600,29.3200,28.8500,29.0200,737800
2009-05-20,30.2700,30.3900,29.4900,29.5300,1118300
2009-05-19,29.6700,30.2900,29.5900,30.0600,733900
2009-05-18,29.7800,30.0500,29.1800,29.6700,899000
2009-05-15,29.9600,29.9700,29.1700,29.4400,1264900
2009-05-14,30.2000,30.3800,29.6600,29.9200,1119500
2009-05-13,30.6900,31.0300,30.0400,30.1000,1116900
2009-05-12,31.2100,31.2900,30.7300,31.0800,1242700
2009-05-11,31.3200,31.5500,31.0000,31.0900,1249000
2009-05-08,31.7000,32.2800,31.4900,31.6500,1580300
2009-05-07,31.2500,31.3900,30.9700,31.2900,1156600
2009-05-06,30.9700,31.2600,30.6800,30.9400,1768700
2009-05-05,30.1400,30.9200,30.1400,30.8000,1243200
2009-05-04,30.5400,30.7800,30.1200,30.4100,882300
2009-05-01,29.6200,30.4700,29.5000,30.4700,956200
2009-04-30,29.5000,30.5600,29.0000,29.5700,2304700
2009-04-29,28.0600,28.7200,27.9900,28.6000,783300
2009-04-28,28.1500,28.5000,27.9300,28.1100,851300
2009-04-27,27.6700,28.5700,27.6500,28.3100,1088800
2009-04-24,28.0900,28.1600,27.6050,27.9500,932000
2009-04-23,28.0600,28.1100,27.6700,27.9300,1309500
2009-04-22,28.3500,28.5100,27.9100,28.0600,1339400
2009-04-21,28.7700,29.2000,28.3700,28.4200,1262500
2009-04-20,28.7000,29.2000,28.4900,28.8300,794400
2009-04-17,28.9900,29.2500,28.8400,29.0400,835800
2009-04-16,29.0300,29.4500,28.7050,28.9800,859100
2009-04-15,28.3200,28.8100,28.1800,28.8000,1017600
2009-04-14,28.3500,28.3900,27.9000,28.3100,1385100
2009-04-13,28.7700,28.8300,28.3800,28.6300,823100
2009-04-09,29.2900,29.3000,28.5200,28.8700,1017000
2009-04-08,28.1800,28.6800,28.0500,28.5900,1043800
2009-04-07,28.3000,28.5800,28.1200,28.1800,980300
2009-04-06,28.2300,28.8400,28.2300,28.6800,1126000
2009-04-03,28.3900,28.6000,28.1200,28.5400,864300
2009-04-02,28.2800,28.6000,27.7100,28.3400,1197400
2009-04-01,27.4000,27.8600,27.3200,27.7900,1414800
2009-03-31,27.8500,28.1600,27.4900,27.7000,1514300
2009-03-30,27.8300,27.9300,27.2000,27.6300,1092000
2009-03-27,28.3300,28.4600,28.1100,28.2700,914500
2009-03-26,28.4900,28.6300,27.8900,28.6300,1130100
2009-03-25,28.1200,28.7900,27.7800,28.3100,1447800
2009-03-24,28.3400,28.6200,27.7100,27.9700,1153800
2009-03-23,27.5600,28.6100,27.4300,28.6100,1189700
2009-03-20,27.4600,27.8700,27.1300,27.2000,1434800
2009-03-19,27.1500,27.4000,26.6700,27.3000,1449900
2009-03-18,25.8100,27.0900,25.6200,26.9200,1673900
2009-03-17,26.0600,26.1400,25.5400,26.0200,1454800
2009-03-16,25.7000,26.6000,25.7000,25.9900,1690900
2009-03-13,25.3200,25.6800,25.1900,25.5400,1692300
2009-03-12,25.1200,25.3500,24.5600,25.2600,1719300
2009-03-11,24.5000,25.4900,24.4500,25.3700,2342600
2009-03-10,23.9900,24.5700,23.7700,24.4600,1934400
2009-03-09,23.7500,24.0600,23.4300,23.6100,1359200
2009-03-06,23.8100,24.3700,23.3700,24.0500,1600200
2009-03-05,24.3400,24.6000,23.3200,23.6300,2094200
2009-03-04,24.3800,25.1500,23.8400,24.8100,2277200
2009-03-03,25.4200,25.6900,24.0300,24.0700,2169300
2009-03-02,26.4300,26.5800,25.3000,25.3600,2187600
2009-02-27,27.3100,27.5100,26.7400,26.7700,2695400
2009-02-26,28.6900,28.8600,27.6000,27.7000,1485200
2009-02-25,29.0300,29.1900,28.1700,28.5000,2190300
2009-02-24,28.1500,29.4300,27.9700,29.2200,2353300
2009-02-23,29.6600,29.9500,28.4300,28.7000,1685000
2009-02-20,30.1300,30.1400,28.9500,29.3700,1758500
2009-02-19,30.7500,30.8300,30.0500,30.1700,1044500
2009-02-18,30.8400,30.9400,30.2700,30.5400,1619800
2009-02-17,32.2400,32.2400,30.7300,30.7300,1433300
2009-02-13,32.7800,33.0700,32.4700,32.6300,803800
2009-02-12,32.9900,33.0600,32.0700,32.7800,1653700
2009-02-11,33.4500,33.7400,32.9200,33.2000,1357400
2009-02-10,34.6500,34.8800,33.3400,33.4800,1293900
2009-02-09,34.8800,34.9300,34.3400,34.8800,973900
2009-02-06,34.5800,35.2600,34.2900,34.9600,1217700
2009-02-05,34.3700,34.8500,33.9100,34.7000,1265700
2009-02-04,34.5900,34.7100,34.1600,34.5200,1219500
2009-02-03,34.6200,34.6900,34.2200,34.3800,1069700
2009-02-02,34.2100,34.7900,33.9600,34.5500,876500
2009-01-30,34.8300,35.4900,34.3003,34.5000,1423800
2009-01-29,35.1300,35.9400,34.7700,34.9300,873400
2009-01-28,35.7000,35.7400,35.0900,35.5000,914600
2009-01-27,34.5500,35.4800,34.3600,35.3100,1091600
2009-01-26,33.8500,34.8200,33.8000,34.4700,922300
2009-01-23,33.8500,33.9600,33.1200,33.7200,1262200
2009-01-22,33.8500,34.5900,33.8000,34.3000,1181400
2009-01-21,34.5600,34.5600,33.5000,34.2700,1349200
2009-01-20,34.5400,34.9600,33.9700,34.1100,1380500
2009-01-16,34.5200,35.1400,34.3100,34.7500,1230300
2009-01-15,34.0000,34.3000,33.6800,34.3000,1132400
2009-01-14,34.4600,34.4600,33.6400,34.1600,932700
2009-01-13,35.6800,35.7400,34.5000,34.7300,1102000
2009-01-12,35.6500,36.0000,35.5100,35.7500,1166100
2009-01-09,35.9700,36.0500,35.3600,35.6000,830600
2009-01-08,35.6800,35.8000,35.3600,35.8000,1085500
2009-01-07,36.0000,36.2900,35.4400,35.7000,1165900
2009-01-06,36.7600,37.1100,36.0600,36.2500,1694700
2009-01-05,36.0500,36.7400,35.7000,36.5800,1484500
2009-01-02,36.1300,36.3800,35.5500,36.2100,694900
2008-12-31,35.7400,35.8800,35.3900,35.6700,899700
2008-12-30,35.4500,35.7900,35.1200,35.7900,885300
2008-12-29,35.2000,35.4600,34.9300,35.4500,667300
2008-12-26,35.1100,35.4000,34.9500,35.1800,280700
2008-12-24,34.8500,35.4450,34.7400,34.9900,289100
2008-12-23,35.5400,35.5400,34.3300,34.8300,1242500
2008-12-22,34.5300,35.3100,34.4100,35.0000,1275200
2008-12-19,35.4600,35.8800,34.7100,34.7900,1946700
2008-12-18,34.7000,35.4300,34.3800,34.6700,939000
2008-12-17,34.5100,35.1700,34.3800,34.5300,866000
2008-12-16,34.1400,35.2900,34.1200,35.2900,1102300
2008-12-15,34.4300,34.6800,33.5580,34.0300,1000000
2008-12-12,34.0700,34.4900,33.3900,34.4400,1277400
2008-12-11,34.2200,35.0900,34.0800,34.4100,1342100
2008-12-10,35.1900,35.7800,34.7300,35.1700,950900
2008-12-09,34.6000,35.4500,34.4400,34.6100,476300
2008-12-08,34.7000,35.1800,34.1500,34.6100,532800
2008-12-05,33.2600,34.3400,32.4000,34.1400,1231600
2008-12-04,35.6800,36.0100,33.0200,33.6100,1286400
2008-12-03,35.0200,36.1000,34.7800,36.0700,839800
2008-12-02,35.2000,35.8500,34.6800,35.6500,831300
2008-12-01,36.8600,36.8600,34.9200,34.9400,928800
2008-11-28,36.0000,37.2200,36.0000,37.1900,458600
2008-11-26,35.3900,36.3700,35.3100,36.3600,1046700
2008-11-25,36.5600,37.3700,35.3200,36.1500,1494200
2008-11-24,37.3100,37.3800,35.5500,35.8500,1477000
2008-11-21,34.3500,36.7500,33.5000,36.7300,1701100
2008-11-20,34.8700,35.6400,33.0500,33.6000,1670700
2008-11-19,36.2100,37.2300,35.2000,35.2000,1031700
2008-11-18,36.0800,36.8400,35.0800,36.3100,1188600
2008-11-17,36.3300,37.1500,35.5800,36.2300,1099100
2008-11-14,37.3300,38.4900,36.2400,36.7700,933300
2008-11-13,35.3000,37.8800,34.6800,37.8800,1684400
2008-11-12,35.3400,35.6900,34.8000,35.0500,974300
2008-11-11,35.9500,36.9500,35.2500,36.0700,1256500
2008-11-10,38.4700,38.5000,35.9600,36.4600,1191800
2008-11-07,35.5600,38.0900,35.5600,37.9100,1400800
2008-11-06,36.6000,37.0100,35.1100,35.5200,1285100
2008-11-05,36.2500,37.4600,36.2500,36.9200,1548600
2008-11-04,38.7800,38.7900,37.7100,38.1100,1779300
2008-11-03,35.5100,38.2700,35.0000,38.0200,2261600
2008-10-31,36.5000,36.9100,34.9700,35.3000,1946300
2008-10-30,36.0800,36.7000,35.0200,36.5700,1090600
2008-10-29,36.3000,36.5700,34.2400,34.8800,1283600
2008-10-28,33.1800,36.8400,32.3400,36.5700,1601600
2008-10-27,32.5400,33.7500,32.0000,32.3700,1469100
2008-10-24,31.9900,33.8400,31.5000,33.0100,1403400
2008-10-23,33.7500,35.5300,32.5200,33.9100,2095200
2008-10-22,34.1000,34.8100,32.6200,33.4800,1334900
2008-10-21,36.0100,36.6400,34.4500,34.8000,1018900
2008-10-20,33.9900,36.4900,33.3900,36.2900,1800500
2008-10-17,33.0700,35.3600,32.3900,33.6800,1484600
2008-10-16,32.8000,33.9100,31.2600,33.7100,2219400
2008-10-15,34.4100,34.7400,31.8100,32.4400,2305600
2008-10-14,35.5600,35.9800,33.2700,34.5100,3298300
2008-10-13,31.9600,33.8900,30.5000,33.8500,1587700
2008-10-10,31.0000,31.8900,27.8200,30.4200,3371800
2008-10-09,35.0400,35.3000,32.0000,32.0000,2016200
2008-10-08,36.0000,36.3499,34.6700,35.1100,1954500
2008-10-07,37.8500,38.3700,36.1400,36.1500,1547500
2008-10-06,38.9200,39.4400,36.3700,37.5300,1298100
2008-10-03,40.4700,40.7100,39.0400,39.4200,1841100
2008-10-02,38.9300,40.9100,38.9300,40.0000,1213900
2008-10-01,39.8100,40.9200,39.5500,40.7100,1009800
2008-09-30,40.1100,40.1200,38.7800,40.1200,1332000
2008-09-29,40.3600,40.5000,39.0300,39.4100,2538100
2008-09-26,40.7300,41.1000,40.1200,40.7700,1341200
2008-09-25,41.1000,41.5700,40.8300,41.1000,1302300
2008-09-24,40.5800,41.0500,40.1800,40.8300,822300
2008-09-23,41.3400,41.7800,40.5800,40.6100,983800
2008-09-22,42.3000,42.3000,41.0900,41.3300,912500
2008-09-19,42.3200,44.1900,40.7700,42.3300,2444100
2008-09-18,41.3400,42.3100,40.9400,42.0500,2303200
2008-09-17,42.0600,42.4500,41.0800,41.1000,1644800
2008-09-16,42.7900,42.9700,41.6525,42.6500,2467200
2008-09-15,42.8100,43.9500,42.6500,43.0000,1163600
2008-09-12,43.2300,43.9000,43.0600,43.6400,758300
2008-09-11,42.9300,43.6700,42.3900,43.4200,1291400
2008-09-10,43.2700,43.8600,43.1000,43.5200,1411000
2008-09-09,43.1900,43.9300,42.7500,43.1700,1783200
2008-09-08,41.8000,43.1100,41.7800,43.1100,1000500
2008-09-05,41.4100,41.5400,40.8700,41.4400,994000
2008-09-04,41.5500,41.8300,41.3000,41.6300,961900
2008-09-03,41.7800,41.8000,41.3500,41.6900,877100
2008-09-02,42.1300,42.8500,41.6400,41.8000,850500
2008-08-29,42.5800,42.8500,42.1100,42.1600,595100
2008-08-28,42.6500,42.7200,42.3800,42.6900,1763600
2008-08-27,41.9400,42.6300,41.7700,42.4800,656700
2008-08-26,41.8000,42.0400,41.5600,41.9200,636500
2008-08-25,42.3600,42.4800,41.7300,41.8500,701600
2008-08-22,42.2500,42.5900,42.1500,42.4900,422200
2008-08-21,41.5900,42.2800,41.5900,42.0800,575300
2008-08-20,42.2200,42.2700,41.7500,42.0500,797800
2008-08-19,42.1900,42.5000,41.6400,42.1900,703300
2008-08-18,41.8600,42.4000,41.8180,42.3000,889700
2008-08-15,41.3600,42.9900,41.1900,41.7000,703700
2008-08-14,41.3000,41.5400,40.6900,41.2700,552100
2008-08-13,41.2400,41.6600,40.9700,41.4500,608500
2008-08-12,41.0200,41.5300,40.9600,41.2200,778000
2008-08-11,40.9800,41.7400,40.5300,41.3500,1461400
2008-08-08,40.3900,41.0200,40.0900,40.9800,915500
2008-08-07,40.5600,40.8800,40.0000,40.1900,2189800
2008-08-06,40.8000,41.1900,40.5100,40.6600,1388600
2008-08-05,39.9000,40.9300,39.5100,40.9300,1374700
2008-08-04,39.6000,40.0000,39.5100,39.6900,1383900
2008-08-01,41.0400,41.1900,39.8000,39.8100,1366700
2008-07-31,41.1400,41.3900,40.3300,40.9800,2258600
2008-07-30,40.9600,41.7200,40.9600,41.5500,1230300
2008-07-29,40.8400,41.1400,40.6500,41.0700,849300
2008-07-28,41.0200,41.2800,40.6600,40.9900,1150200
2008-07-25,41.4900,41.6900,41.0000,41.0300,775000
2008-07-24,41.2700,41.6100,40.9600,41.3200,1245100
2008-07-23,42.0000,42.2100,40.9600,41.2800,1113400
2008-07-22,41.9100,42.6700,41.8700,42.0100,822700
2008-07-21,41.9200,42.4200,41.7600,42.2100,718500
2008-07-18,41.7200,42.5600,41.5000,41.9200,1230100
2008-07-17,42.4700,42.5300,41.4100,41.7600,1478100
2008-07-16,43.1100,43.3300,42.0200,42.2900,1476400
2008-07-15,42.8500,43.3700,42.4600,43.0200,1780300
2008-07-14,44.0500,44.1600,42.9600,43.1300,1013900
2008-07-11,44.0500,44.2600,43.5600,43.7100,1303600
2008-07-10,44.5200,44.9300,44.2100,44.3800,1504300
2008-07-09,43.6900,44.9700,43.6700,44.4300,1866800
2008-07-08,42.7900,43.7600,42.6000,43.7500,1490300
2008-07-07,42.8100,43.6300,42.6000,42.8800,1611300
2008-07-03,43.4700,43.8900,42.5900,42.7100,815500
2008-07-02,41.6700,43.9300,41.4700,43.2000,2055900
2008-07-01,42.0600,43.0800,41.8600,42.8200,1985600
2008-06-30,41.5200,42.7000,41.5100,42.4400,1328100
2008-06-27,42.2700,42.6500,41.4500,41.4500,1101600
2008-06-26,43.3800,43.6000,42.2800,42.2900,1060700
2008-06-25,42.8800,43.9700,42.8800,43.6900,741500
2008-06-24,43.0100,43.2800,42.7500,43.0300,750200
2008-06-23,43.2200,43.8400,43.0600,43.2200,669300
2008-06-20,43.1000,44.0100,42.9900,42.9900,877000
2008-06-19,43.4600,44.0800,43.4500,43.8500,802100
2008-06-18,44.0400,44.2800,43.6600,43.7800,572200
2008-06-17,43.8000,44.2300,43.7800,44.0400,1126200
2008-06-16,44.0100,44.0100,43.2600,43.7100,684900
2008-06-13,43.4300,44.2900,43.1500,44.1100,768100
2008-06-12,43.7200,43.7300,42.9000,43.5300,1351800
2008-06-11,44.2500,44.3800,43.6200,43.8800,1193300
2008-06-10,43.9700,44.5100,43.8600,44.4200,673600
2008-06-09,43.4200,44.4500,43.4200,44.3600,764700
2008-06-06,44.3600,44.5800,43.5100,43.5400,996900
2008-06-05,44.3000,44.8100,44.0900,44.5500,1124300
2008-06-04,43.7000,44.6600,43.7000,44.5100,1103700
2008-06-03,43.8600,44.0500,43.5500,43.8700,1709600
2008-06-02,44.0500,44.2300,43.3200,43.5500,1212800
2008-05-30,44.6300,44.8200,44.0200,44.2400,1901600
2008-05-29,44.0200,44.7500,43.9500,44.5200,894000
2008-05-28,43.7700,44.2500,43.6500,44.2400,983300
2008-05-27,43.6000,43.8200,43.4500,43.7400,1294100
2008-05-23,43.9400,43.9400,43.3600,43.5000,991400
2008-05-22,43.4100,44.1700,43.4100,44.1400,677000
2008-05-21,43.8700,44.4100,43.5200,43.6600,1197500
2008-05-20,43.9900,44.2700,43.7415,43.8200,872900
2008-05-19,43.7700,44.5100,43.7700,44.3000,1198700
2008-05-16,43.7300,43.9000,43.5000,43.8300,713600
2008-05-15,43.4400,43.8800,43.2700,43.7700,776700
2008-05-14,43.1600,43.7100,42.9100,43.6600,915300
2008-05-13,42.9200,43.0400,42.5500,42.9100,639700
2008-05-12,42.6900,42.9900,42.5300,42.8500,785200
2008-05-09,42.2400,42.7500,41.9900,42.4900,811300
2008-05-08,42.2900,42.7600,42.0500,42.4000,973500
2008-05-07,42.0700,42.5100,41.8700,42.1400,1282800
2008-05-06,41.7400,42.2700,41.2500,42.0700,1031200
2008-05-05,41.1300,41.7500,41.0600,41.7200,974600
2008-05-02,41.7300,41.8800,41.3500,41.3500,1167700
2008-05-01,41.9900,41.9900,40.8300,41.4400,1435400
2008-04-30,40.6100,40.9900,40.2600,40.3100,1106100
2008-04-29,40.9800,41.1568,40.5000,40.5600,780200
2008-04-28,41.0000,41.4500,40.8500,40.9200,714200
2008-04-25,41.3200,41.5100,40.9000,41.0400,741700
2008-04-24,41.7900,41.7900,41.0300,41.0800,1602400
2008-04-23,41.9500,41.9500,41.3200,41.4900,694600
2008-04-22,41.7000,41.7800,41.2500,41.4500,908000
2008-04-21,42.4800,42.5500,41.8200,41.9000,832400
2008-04-18,42.8300,42.9300,42.1900,42.5700,665100
2008-04-17,42.1500,42.5700,42.0300,42.3000,841200
2008-04-16,41.8200,42.3600,41.4500,42.3600,790900
2008-04-15,41.2800,41.7200,41.0900,41.5500,1328800
2008-04-14,40.8500,41.1100,40.6100,41.0800,766800
2008-04-11,40.0400,40.9800,40.0400,40.6600,1127300
2008-04-10,40.5000,40.5800,40.1800,40.4400,1269200
2008-04-09,40.0900,40.4100,39.9500,40.2000,545100
2008-04-08,40.2000,40.5100,39.8900,39.9900,1060900
2008-04-07,40.8800,40.8800,40.3400,40.4700,822200
2008-04-04,40.2800,41.3050,40.1500,40.5900,932300
2008-04-03,40.0300,40.4100,39.6900,40.2200,784800
2008-04-02,39.8000,40.4700,39.7500,40.1900,828200
2008-04-01,38.9700,39.8900,38.9500,39.7700,1151600
2008-03-31,38.7100,38.9800,38.2700,38.8900,1812800
2008-03-28,39.4600,39.4600,38.5600,38.7100,1166300
2008-03-27,39.3400,39.5000,38.9600,39.1300,1153500
2008-03-26,38.7300,39.1700,38.6900,38.8700,620300
2008-03-25,38.9500,39.0600,38.5900,38.8500,1005900
2008-03-24,39.3000,39.3800,38.6500,39.0100,626600
2008-03-20,39.1000,39.4200,38.4200,39.2100,871600
2008-03-19,39.8900,40.1300,38.8200,38.8200,872200
2008-03-18,39.0100,39.5400,38.7500,39.5000,1012200
2008-03-17,38.4800,39.1900,37.8700,38.7900,1295000
2008-03-14,40.3000,40.3000,38.8100,39.2700,1156600
2008-03-13,39.9500,39.9800,39.2400,39.8000,1095300
2008-03-12,41.0600,41.0600,40.0600,40.0600,1204000
2008-03-11,40.2700,40.7600,39.7100,40.7600,1597200
2008-03-10,39.3300,39.6700,38.9800,39.4500,839400
2008-03-07,39.3900,39.7000,39.0000,39.5200,563800
2008-03-06,40.5300,40.5900,39.5200,39.5500,1159300
2008-03-05,40.9000,40.9000,40.1700,40.6600,1111800
2008-03-04,40.0100,40.8500,40.0100,40.7100,1355700
2008-03-03,39.8500,40.2800,39.5200,40.1900,1001700
2008-02-29,41.2800,41.5200,39.6200,39.8100,1468000
2008-02-28,40.9900,41.4900,40.9300,41.4000,1775500
2008-02-27,41.8800,42.2800,41.1300,41.2000,1402000
2008-02-26,41.7100,42.1400,41.5600,42.0500,1120800
2008-02-25,41.9000,42.0200,41.5000,41.7900,1457000
2008-02-22,42.4200,42.7100,41.2300,41.6900,1409200
2008-02-21,42.3000,42.5900,41.1800,42.5900,1604700
2008-02-20,42.1276,42.4900,41.8100,42.4000,879700
2008-02-19,42.2500,42.7000,42.0000,42.4000,1338800
2008-02-15,41.4000,41.9000,41.0300,41.7700,1196900
2008-02-14,41.9600,42.2900,41.1800,41.4000,722600
2008-02-13,42.4200,42.6700,41.6500,41.7300,878400
2008-02-12,41.9100,42.3100,41.8000,42.1800,701200
2008-02-11,41.9300,42.1000,41.6000,41.8900,774700
2008-02-08,41.6000,41.9500,41.3000,41.8600,906900
2008-02-07,42.3100,42.5000,41.3300,41.7700,1634400
2008-02-06,42.8200,43.2700,42.5700,42.6200,849800
2008-02-05,43.2900,43.4600,42.3700,42.4500,1105100
2008-02-04,43.4800,44.2400,43.4000,43.9000,1085800
2008-02-01,42.8200,43.7000,42.6000,43.5900,1355800
2008-01-31,41.9900,42.9700,41.3100,42.6300,2558300
2008-01-30,42.5600,43.0700,41.8000,41.9200,1780400
2008-01-29,42.3500,42.6800,41.7800,41.8900,1411900
2008-01-28,41.6300,42.3600,41.4700,41.9700,1583800
2008-01-25,42.2800,42.4400,41.2900,41.4700,1180900
2008-01-24,43.5500,43.6500,41.7500,41.9000,2440000
2008-01-23,41.8700,43.7800,41.2800,43.7100,4142800
2008-01-22,41.5000,42.1500,40.8000,41.5800,2565000
2008-01-18,43.4800,43.7100,42.4700,42.7000,2273000
2008-01-17,44.3200,44.5900,42.9900,43.1000,1792000
2008-01-16,44.3300,44.9300,44.1800,44.3700,1906600
2008-01-15,44.9000,45.2200,44.2200,44.2600,1967300
2008-01-14,44.5700,45.3400,44.3200,45.2300,2626600
2008-01-11,44.1100,44.6500,44.0500,44.3000,1819000
2008-01-10,43.9600,44.9700,43.9400,44.5100,2205600
2008-01-09,43.1100,44.2100,43.1100,44.2100,2449300
2008-01-08,43.7500,43.9900,43.3800,43.4500,1583800
2008-01-07,43.1800,43.6800,43.1050,43.5600,1804900
2008-01-04,43.1000,43.5900,43.0000,43.0000,1126600
2008-01-03,44.1800,44.2800,43.3400,43.3800,1545600
2008-01-02,44.0200,44.4500,43.8800,44.0500,2183000
2007-12-31,44.6000,44.9000,43.9600,43.9600,1481400
2007-12-28,44.6300,44.9400,44.1800,44.6700,1101300
2007-12-27,45.0900,45.4400,44.3500,44.3500,974200
2007-12-26,45.2400,45.4400,44.9500,45.0900,883200
2007-12-24,45.3100,45.6000,45.2200,45.4000,546800
2007-12-21,45.7800,45.8500,44.9000,45.1800,2342800
2007-12-20,46.0900,46.0900,45.0000,45.5200,1357900
2007-12-19,46.0000,46.2000,45.6200,45.8500,1478000
2007-12-18,46.0000,46.3700,45.6800,45.8800,1943600
2007-12-17,46.7500,46.9300,45.7400,45.9500,2199100
2007-12-14,47.4700,47.6100,46.7500,46.7900,2354800
2007-12-13,48.1900,48.6400,47.7500,48.5600,2197200
2007-12-12,50.5200,50.5200,48.3200,48.7200,2650800
2007-12-11,50.8000,50.9000,49.4000,49.5200,1469700
2007-12-10,50.5400,50.7900,50.2800,50.6200,1156000
2007-12-07,50.9900,51.1500,50.1100,50.5000,1419500
2007-12-06,50.7800,51.0000,50.1900,51.0000,1049500
2007-12-05,49.9800,50.8000,49.8600,50.8000,1311100
2007-12-04,49.3200,49.9200,49.0000,49.9200,1677200
2007-12-03,48.8300,49.7100,48.8300,49.5800,1248700
2007-11-30,48.9400,49.1200,48.6000,49.0500,1674500
2007-11-29,48.6000,48.9900,48.1500,48.4800,1229300
2007-11-28,48.7600,49.2400,48.4700,48.7000,2046900
2007-11-27,48.6900,49.2200,48.2000,48.6000,1298700
2007-11-26,48.6600,49.5500,48.4000,48.5400,1245800
2007-11-23,48.9700,48.9700,48.2100,48.7600,372600
2007-11-21,48.7500,49.4600,48.6500,48.7500,1450600
2007-11-20,48.4300,49.2500,48.2000,49.1500,1566800
2007-11-19,48.1000,48.7700,47.8300,48.4500,1381600
2007-11-16,48.2700,48.6800,47.7500,48.5000,1179400
2007-11-15,48.0200,48.3400,47.3400,47.9300,1780100
2007-11-14,48.2000,48.4500,47.8300,47.9100,1367000
2007-11-13,47.6600,48.2000,47.2700,48.2000,2084500
2007-11-12,47.3900,48.0900,47.3900,47.5700,2154600
2007-11-09,47.8500,48.6800,47.6100,47.8400,1620400
2007-11-08,46.9600,48.5800,46.9500,48.5600,1639300
2007-11-07,48.1100,48.4000,47.1200,47.1200,1404700
2007-11-06,49.1200,49.3200,48.0700,48.7000,791800
2007-11-05,50.0000,50.0000,48.0800,48.9700,1117400
2007-11-02,48.8700,50.0000,48.1900,48.9900,1780400
2007-11-01,49.3500,49.6800,48.5900,48.7200,987000
2007-10-31,49.3400,49.9400,49.1000,49.6000,961700
2007-10-30,48.9900,49.8400,48.9900,49.1400,885200
2007-10-29,49.0800,49.6600,48.9800,49.1100,720900
2007-10-26,48.7000,48.9900,48.3528,48.9700,874000
2007-10-25,48.0000,48.6700,47.8400,48.5500,818500
2007-10-24,47.4600,48.1900,47.2500,47.9600,1014800
2007-10-23,48.6000,48.6000,47.1900,47.5400,1064200
2007-10-22,47.2500,48.1800,47.0500,48.0800,725300
2007-10-19,48.7800,48.8600,47.5300,47.5300,1677000
2007-10-18,48.4600,48.9300,48.4400,48.7700,737900
2007-10-17,49.6500,49.7500,48.4000,48.7600,1031900
2007-10-16,49.8900,49.9100,49.1100,49.2700,748200
2007-10-15,50.5800,50.8200,49.2500,49.6800,773400
2007-10-12,50.6300,51.1900,50.3800,50.5300,1311800
2007-10-11,50.5900,50.9800,50.2000,50.3900,1163300
2007-10-10,49.9900,50.2100,49.7300,49.9700,1306700
2007-10-09,49.0300,50.1300,48.8700,50.0400,1537200
2007-10-08,48.8000,49.3800,48.7700,48.9800,349200
2007-10-05,49.0000,49.4000,48.7000,48.9400,609300
2007-10-04,48.6800,49.0000,48.4000,48.9800,561800
2007-10-03,48.6300,48.7800,47.9300,48.4400,721600
2007-10-02,49.1700,49.3300,48.6900,48.8800,559000
2007-10-01,48.7400,49.2500,48.5800,49.0800,874900
2007-09-28,49.6000,49.6000,48.2800,48.4400,1001700
2007-09-27,49.9800,49.9800,49.0100,49.5800,934800
2007-09-26,49.5500,49.7900,49.0000,49.6100,805800
2007-09-25,49.0400,49.8100,48.9000,49.1800,998000
2007-09-24,48.9800,49.6500,48.9100,49.2000,1453500
2007-09-21,49.4600,49.6600,48.8800,49.2200,1386400
2007-09-20,49.5400,49.5400,48.7200,48.9100,736900
2007-09-19,49.1900,49.6600,48.9100,49.5400,1028800
2007-09-18,48.5500,49.0100,47.9400,49.0100,1382600
2007-09-17,48.0000,48.3900,47.6400,48.2100,1083100
2007-09-14,48.2500,48.8800,48.2200,48.7600,779500
2007-09-13,48.6600,48.8300,48.2000,48.3800,778000
2007-09-12,48.0500,48.5000,48.0500,48.2800,1470200
2007-09-11,47.9000,48.1100,47.6200,48.0800,969100
2007-09-10,47.9800,48.2400,47.2800,47.7200,805000
2007-09-07,47.1000,48.2200,47.1000,47.7300,1145200
2007-09-06,48.4400,48.6300,47.8800,48.4800,888900
2007-09-05,48.5000,48.6800,48.0000,48.3700,1317800
2007-09-04,47.9800,48.8500,47.8900,48.5400,752300
2007-08-31,48.0500,48.1900,47.3200,47.8100,777600
2007-08-30,47.7500,48.2500,47.3300,47.6200,643000
2007-08-29,47.0400,48.1500,46.9000,48.1200,964200
2007-08-28,46.7500,47.5800,46.5400,46.6000,1288900
2007-08-27,48.7500,48.8100,47.4500,47.5500,1161000
2007-08-24,48.3000,49.0600,47.8800,49.0600,692100
2007-08-23,48.5500,48.6600,47.9000,48.2200,675700
2007-08-22,48.3800,48.4700,47.7900,48.2700,717000
2007-08-21,47.0500,48.5100,47.0300,48.0600,1447000
2007-08-20,47.5800,47.6900,46.5600,47.4700,1441900
2007-08-17,48.2700,48.5100,46.1800,47.6900,2000300
2007-08-16,46.2000,47.1700,45.2600,46.7800,1932200
2007-08-15,47.3100,48.2800,46.5100,46.5500,1182700
2007-08-14,48.6100,49.2100,47.5200,47.5200,1899700
2007-08-13,48.3200,50.0100,48.1300,49.1900,1487300
2007-08-10,47.5000,48.8400,46.8000,48.0400,1669800
2007-08-09,48.9900,49.8500,48.2000,48.2600,1858600
2007-08-08,49.3400,50.5300,48.8300,49.8900,2193500
2007-08-07,48.0000,49.5500,47.7200,49.1500,1615600
2007-08-06,46.5900,48.4300,45.9900,48.4300,1326500
2007-08-03,48.1700,48.5500,46.1800,46.2200,2048100
2007-08-02,48.2500,48.8100,47.6600,48.1200,1483200
2007-08-01,46.2500,48.2700,46.2400,48.2200,1858000
2007-07-31,47.5000,48.1500,46.3800,46.3800,2104200
2007-07-30,46.2200,47.5200,46.0100,47.3300,2156700
2007-07-27,48.6200,48.8400,46.3500,46.3500,3494600
2007-07-26,49.6400,49.7900,48.0000,48.6200,2213200
2007-07-25,49.8000,50.1900,48.5900,49.7300,1959500
2007-07-24,51.0000,51.4200,49.4000,49.5000,1571100
2007-07-23,50.9600,51.7400,50.8400,51.2100,788500
2007-07-20,51.4000,51.7000,50.8100,50.8900,1368000
2007-07-19,50.3700,51.3900,50.2700,51.3400,1129000
2007-07-18,49.2500,50.5200,49.2500,50.4300,1305500
2007-07-17,50.6200,50.6300,50.0400,50.0900,907700
2007-07-16,50.9000,51.2600,50.2400,50.3300,1022800
2007-07-13,50.5500,51.1800,50.3400,50.9000,1286800
2007-07-12,49.1200,50.6700,48.8300,50.6700,1919800
2007-07-11,48.3000,49.1100,48.2900,49.1100,1491300
2007-07-10,48.5600,49.0000,48.2600,48.2600,1246700
2007-07-09,48.8600,49.1600,48.6500,48.9300,894600
2007-07-06,48.7000,48.9000,48.2100,48.6200,1121700
2007-07-05,49.0100,49.3500,48.4600,48.9900,1261900
2007-07-03,48.8000,49.6500,48.6600,49.0900,1049300
2007-07-02,48.3600,48.7400,47.6500,48.7000,1800700
2007-06-29,48.3100,48.7650,47.7200,48.2200,1947900
2007-06-28,48.5700,48.8900,48.1900,48.2200,1303600
2007-06-27,47.5000,48.6200,47.2200,48.5500,1919300
2007-06-26,48.5600,49.0900,47.9500,47.9600,2548000
2007-06-25,48.2800,49.3600,48.2300,48.5600,1335800
2007-06-22,49.4700,49.4700,48.2400,48.4600,1852700
2007-06-21,49.4500,50.0200,49.2500,49.4800,1435800
2007-06-20,50.9700,51.1000,49.5300,49.5500,1582900
2007-06-19,50.9300,51.1000,50.4400,50.8900,803700
2007-06-18,51.4500,51.5700,50.7600,50.7600,638400
2007-06-15,51.2200,51.7800,51.0900,51.3800,1073400
2007-06-14,50.8000,51.1700,50.4000,50.9800,1390200
2007-06-13,50.3900,51.3000,50.3500,51.2400,1297000
2007-06-12,50.5800,50.7600,49.8200,49.9800,1046500
2007-06-11,50.0600,51.2800,50.0600,50.7600,2070000
2007-06-08,49.2900,50.2100,49.1000,50.0600,1787900
2007-06-07,51.4000,51.4000,49.3300,49.3300,3407400
2007-06-06,52.4100,52.4700,51.3700,51.4000,3702600
2007-06-05,52.4700,52.7000,52.1800,52.4000,3076400
2007-06-04,52.5200,52.8500,52.0800,52.4500,1359400
2007-06-01,52.9500,53.4300,52.4800,52.7100,1423300
2007-05-31,52.7800,53.0600,52.5500,52.8800,1632600
2007-05-30,52.0300,52.8500,52.0100,52.7800,1332200
2007-05-29,52.3000,52.9600,52.2400,52.2800,869300
2007-05-25,52.4400,52.9000,51.5700,52.2100,1229700
2007-05-24,53.2000,53.3900,52.2900,52.3300,1281800
2007-05-23,54.1500,54.5200,53.5000,53.5200,1886900
2007-05-22,53.7900,54.7400,53.7400,54.2000,2066400
2007-05-21,53.1000,53.9800,53.0500,53.7300,1343700
2007-05-18,52.8600,52.9500,52.6600,52.9200,631100
2007-05-17,52.5000,52.9000,52.5000,52.8000,773300
2007-05-16,52.6400,52.9400,52.5500,52.7900,747500
2007-05-15,52.7600,53.2800,52.5700,52.6300,866900
2007-05-14,52.0700,52.7800,51.9600,52.6000,1129700
2007-05-11,51.9400,52.0500,51.7300,52.0000,1492600
2007-05-10,51.8000,51.9400,51.7000,51.7700,1704400
2007-05-09,51.8400,52.0400,51.6900,51.9300,1297300
2007-05-08,51.7500,51.9100,51.5100,51.8600,1431700
2007-05-07,51.3800,52.1700,51.3600,51.7700,876900
2007-05-04,51.4900,51.7300,51.2400,51.3900,757300
2007-05-03,51.3500,51.9400,50.9500,51.5000,1156200
2007-05-02,51.1100,51.5600,50.8200,51.3500,1190800
2007-05-01,50.6100,51.5300,50.6100,51.2900,1889900
2007-04-30,50.9000,51.0900,50.5900,50.5900,928800
2007-04-27,51.3280,51.4000,50.8600,50.9800,1107400
2007-04-26,51.4300,51.8200,51.4300,51.4600,1536300
2007-04-25,50.6500,51.5400,50.5800,51.4400,1870300
2007-04-24,49.7400,50.2000,49.5500,50.1200,865700
2007-04-23,49.5500,50.0100,49.5500,49.8300,770600
2007-04-20,49.1000,49.7300,48.7700,49.6900,1371200
2007-04-19,48.8900,49.8000,48.6900,48.7300,828700
2007-04-18,48.9900,49.3200,48.8800,49.0900,634400
2007-04-17,49.5700,49.5700,48.7600,49.2400,686500
2007-04-16,48.7400,49.0100,48.5200,48.9900,938000
2007-04-13,49.1000,49.1200,48.6200,48.7000,1143300
2007-04-12,48.7200,49.0300,48.6300,49.0000,889200
2007-04-11,48.8200,49.0400,48.6100,48.7900,890500
2007-04-10,48.4200,48.9300,48.3800,48.9200,509600
2007-04-09,48.4100,48.6500,48.4100,48.5700,443800
2007-04-05,48.2200,48.6200,48.1700,48.4100,654300
2007-04-04,48.7500,48.8500,48.2500,48.3500,1250100
2007-04-03,48.7500,48.9300,48.4600,48.6400,966900
2007-04-02,47.8000,48.9000,47.8000,48.7300,1410900
2007-03-30,48.1000,48.2500,47.4200,47.9000,1961000
2007-03-29,48.2581,48.5300,47.9100,48.1800,1037000
2007-03-28,47.5800,48.5500,47.5600,48.1500,1622300
2007-03-27,47.8900,48.0700,47.5800,47.8300,1029500
2007-03-26,47.6900,48.0100,47.4000,48.0100,1333400
2007-03-23,47.5900,47.8000,47.1500,47.7500,983600
2007-03-22,47.7800,47.8400,47.2900,47.4600,1050000
2007-03-21,47.3500,48.0000,46.9000,47.8000,1389600
2007-03-20,46.6800,47.4800,46.5100,47.4700,861400
2007-03-19,46.5600,46.8800,46.2700,46.8200,910000
2007-03-16,46.6000,46.8300,46.2300,46.3100,1256600
2007-03-15,45.7900,46.8400,45.6700,46.4800,1609500
2007-03-14,46.2400,46.5300,45.6500,45.7900,1936400
2007-03-13,46.3700,46.8600,46.0100,46.1200,1653200
2007-03-12,46.3300,46.6200,46.2700,46.5000,1044600
2007-03-09,46.3500,46.6900,46.1300,46.4800,715800
2007-03-08,46.5000,46.6500,46.1500,46.2300,866500
2007-03-07,46.3500,46.7700,46.0800,46.3100,1376900
2007-03-06,45.8800,46.4600,45.7200,46.4200,942700
2007-03-05,46.3700,46.4900,45.8200,45.8200,970900
2007-03-02,47.2500,47.4500,46.6000,46.6400,1650100
2007-03-01,46.3100,46.8700,45.9000,46.7600,1462200
2007-02-28,46.6400,46.8700,46.0300,46.3000,2097500
2007-02-27,47.9800,48.0000,46.3900,46.6400,1260000
2007-02-26,48.4000,48.6900,47.8100,47.8900,1087400
2007-02-23,47.8100,47.9500,47.6400,47.7500,566100
2007-02-22,47.9300,48.0400,47.6800,47.7600,1179100
2007-02-21,47.9900,48.0200,47.4700,47.7900,1290000
2007-02-20,48.0300,48.0900,47.8700,47.9900,1004200
2007-02-16,47.8500,48.1900,47.5700,47.9900,1080400
2007-02-15,48.3000,48.4300,47.9600,48.0800,866900
2007-02-14,48.0000,48.5900,48.0000,48.3200,1655900
2007-02-13,47.3000,48.1700,47.1800,48.0000,3482400
2007-02-12,47.2400,47.3600,46.7300,46.7400,1112300
2007-02-09,47.4900,47.6900,47.1200,47.3200,1195100
2007-02-08,47.1000,47.4200,47.1000,47.4200,751600
2007-02-07,47.1500,47.3500,47.0900,47.2400,453700
2007-02-06,47.1000,47.4300,47.1000,47.2200,1215800
2007-02-05,46.9400,47.1300,46.6900,47.1000,1035600
2007-02-02,46.7100,47.1400,46.7100,46.9400,966700
2007-02-01,46.4200,46.8300,46.4000,46.7000,1097400
2007-01-31,46.3500,46.6000,45.9900,46.3700,961500
2007-01-30,46.3400,46.4400,46.1800,46.3100,912900
2007-01-29,46.0900,46.4900,46.0300,46.2000,1025700
2007-01-26,46.2300,46.3300,45.8900,46.0400,1027600
2007-01-25,46.5300,46.5500,46.0600,46.1000,738200
2007-01-24,45.7600,46.7100,45.7600,46.5300,1248600
2007-01-23,45.9000,46.1200,45.8000,45.9000,900500
2007-01-22,45.9500,46.0000,45.7200,45.9000,634200
2007-01-19,46.1000,46.2000,45.7500,46.0500,678200
2007-01-18,46.3700,46.4400,46.0200,46.0600,691400
2007-01-17,46.4900,46.4900,45.9500,46.3700,706200
2007-01-16,45.8000,46.6100,45.1400,46.2900,882100
2007-01-12,46.6300,46.9200,45.9000,45.9500,1373100
2007-01-11,47.2700,47.3600,46.6400,46.7800,1199900
2007-01-10,47.2700,47.3400,46.8700,47.1700,752400
2007-01-09,47.4700,47.5500,47.1000,47.2500,994800
2007-01-08,47.5200,47.7900,47.2400,47.4700,633800
2007-01-05,48.6500,48.7000,47.3600,47.6700,1100600
2007-01-04,49.0200,49.3000,48.7100,48.7700,581200
2007-01-03,48.5300,49.4200,48.4700,49.2000,1184200
2006-12-29,48.6100,48.7000,48.1900,48.4100,622800
2006-12-28,49.1800,49.2100,48.5800,48.6100,502500
2006-12-27,48.9200,49.2400,48.9200,49.1900,621600
2006-12-26,48.3700,48.8500,48.3200,48.7900,446400
2006-12-22,48.5500,48.5500,48.2200,48.3000,560200
2006-12-21,48.3200,48.5600,48.2400,48.3800,650400
2006-12-20,48.5500,48.7500,48.3600,48.3700,652700
2006-12-19,48.2100,48.6600,48.0000,48.5100,731800
2006-12-18,48.6700,48.7700,48.1800,48.2300,802000
2006-12-15,48.9000,48.9200,48.4600,48.7200,977600
2006-12-14,48.4500,48.9200,48.3240,48.7800,2139400
2006-12-13,48.7500,48.9300,48.5400,48.7500,930900
2006-12-12,47.8700,48.6200,47.8600,48.5900,1270900
2006-12-11,47.4000,47.8700,47.2500,47.8300,891700
2006-12-08,47.3900,47.6800,47.0700,47.2200,597100
2006-12-07,47.7300,47.7600,47.2000,47.2900,547300
2006-12-06,47.7700,47.7900,47.5500,47.6000,514400
2006-12-05,47.7700,47.8300,47.6000,47.7600,614300
2006-12-04,47.3100,47.9000,47.3100,47.7700,644800
2006-12-01,47.0900,47.3700,46.9800,47.3100,928700
2006-11-30,46.8800,47.2000,46.7500,47.0900,1076000
2006-11-29,46.5700,46.9700,46.5500,46.9000,884600
2006-11-28,46.5300,46.7700,46.3400,46.6000,791100
2006-11-27,46.7700,46.7800,46.4800,46.5200,596100
2006-11-24,46.8500,46.9500,46.7400,46.7400,255700
2006-11-22,46.6300,47.0100,46.6000,47.0000,636900
2006-11-21,46.8200,46.9100,46.6500,46.8500,663100
2006-11-20,46.8300,47.0300,46.7700,46.8100,566700
2006-11-17,46.8500,47.2500,46.8000,46.9500,1445200
2006-11-16,46.5100,46.9600,46.4500,46.8100,769300
2006-11-15,45.9800,46.5000,45.9600,46.4100,1110500
2006-11-14,46.1900,46.2500,45.8700,46.0300,904400
2006-11-13,46.1800,46.2600,45.9100,46.0700,433900
2006-11-10,45.7500,46.1900,45.6000,46.1600,689400
2006-11-09,46.0800,46.0800,45.6800,45.7300,859200
2006-11-08,45.9800,46.2300,45.8000,46.0800,1009400
2006-11-07,46.0400,46.2700,45.6200,45.9700,1360400
2006-11-06,45.8500,46.1200,45.6900,46.0400,599100
2006-11-03,45.8000,46.0300,45.6500,45.7100,812900
2006-11-02,46.0200,46.1500,45.6400,45.9800,1404100
2006-11-01,45.7400,46.1700,45.5500,45.9600,961200
2006-10-31,45.3000,45.4500,45.0500,45.4300,799200
2006-10-30,45.3000,45.4000,45.1000,45.2500,446000
2006-10-27,45.2000,45.3100,45.1300,45.1700,558300
2006-10-26,45.5000,45.6300,45.1400,45.2400,892700
2006-10-25,45.4800,45.9700,45.4250,45.7800,798200
2006-10-24,45.3000,45.5000,45.0000,45.4900,1046600
2006-10-23,45.2800,45.4400,44.8200,45.3000,1009300
2006-10-20,45.2500,45.4500,45.0400,45.2800,1614200
2006-10-19,45.2100,45.3000,44.9500,45.2500,1202000
2006-10-18,44.1800,45.2900,44.1700,45.2100,1688900
2006-10-17,43.4700,44.1900,43.4100,44.1800,1924000
2006-10-16,43.4100,43.4900,43.1700,43.3800,724900
2006-10-13,43.3700,43.3700,42.8800,43.1900,827200
2006-10-12,42.9500,43.2600,42.6400,43.2100,1240500
2006-10-11,42.0400,42.9400,42.0400,42.8300,1159300
2006-10-10,42.0200,42.0940,41.8200,42.0200,360600
2006-10-09,41.9000,42.0200,41.6700,41.9700,292200
2006-10-06,42.2500,42.3100,41.8000,41.9200,542500
2006-10-05,42.2700,42.4700,42.0600,42.2600,636500
2006-10-04,41.7200,42.3800,41.6400,42.3700,1295000
2006-10-03,41.8300,42.0900,41.5200,41.8700,899000
2006-10-02,41.5100,42.0600,41.3700,41.9000,999600
2006-09-29,41.7000,41.8300,41.4400,41.5100,896500
2006-09-28,41.7000,41.7500,41.2700,41.7300,785400
2006-09-27,40.8900,41.6500,40.6600,41.6100,874600
2006-09-26,41.1300,41.1300,40.6100,40.8700,305600
2006-09-25,40.6000,41.1200,40.3400,40.8900,743000
2006-09-22,40.3500,40.4800,40.2600,40.3600,544700
2006-09-21,40.5400,40.7100,40.3100,40.5400,748600
2006-09-20,40.5000,40.8200,40.4300,40.6400,607400
2006-09-19,40.4800,40.7600,40.4800,40.4900,699300
2006-09-18,41.1000,41.1500,40.4700,40.5500,885600
2006-09-15,41.1500,41.3000,41.0200,41.1500,810200
2006-09-14,41.2400,41.5000,40.8500,40.9200,948300
2006-09-13,41.2000,41.7500,41.0000,41.1400,1675400
2006-09-12,41.1000,41.3000,40.9800,41.1700,1322000
2006-09-11,41.2000,41.3500,40.9800,41.0000,677200
2006-09-08,41.2200,41.3900,41.1400,41.1700,1179600
2006-09-07,40.8500,41.2300,40.6400,41.2300,1688400
2006-09-06,41.0200,41.0200,40.6000,40.7500,603700
2006-09-05,41.3700,41.4000,40.8100,41.0200,631600
2006-09-01,41.8500,41.9500,41.3700,41.4000,699400
2006-08-31,41.4000,41.8000,41.3800,41.7400,626900
2006-08-30,41.9000,41.9000,41.3500,41.3600,1062100
2006-08-29,41.5400,41.8700,41.3300,41.8000,876200
2006-08-28,40.9200,41.5600,40.8100,41.5200,568800
2006-08-25,40.9400,40.9800,40.7000,40.8400,323200
2006-08-24,40.6800,40.9400,40.5200,40.9200,381500
2006-08-23,41.1000,41.1700,40.5100,40.5500,310000
2006-08-22,41.0700,41.1600,40.9500,41.0500,401400
2006-08-21,41.0800,41.3300,41.0000,41.0400,374200
2006-08-18,40.9600,41.2200,40.8000,41.0500,437800
2006-08-17,40.8100,40.9000,40.4400,40.7200,529500
2006-08-16,41.3800,41.3800,40.7900,40.8600,604900
2006-08-15,41.4000,41.4000,41.0000,41.1700,862200
2006-08-14,41.6000,41.6000,41.1700,41.2400,799400
2006-08-11,41.4300,41.4500,41.2500,41.2700,264700
2006-08-10,41.6100,41.6700,41.2400,41.5500,531900
2006-08-09,41.7800,41.9100,41.5400,41.5700,555400
2006-08-08,41.3300,41.7700,41.3000,41.5500,649800
2006-08-07,41.9600,42.1200,41.1600,41.2600,456600
2006-08-04,42.0300,42.2200,41.6600,42.0900,671600
2006-08-03,42.3100,42.4600,41.6700,41.7300,524600
2006-08-02,42.4800,42.7500,42.1700,42.3100,889400
2006-08-01,42.3300,42.4900,42.0100,42.4800,1189800
2006-07-31,42.2000,42.6300,42.1500,42.3200,1336200
2006-07-28,42.0000,42.6000,41.8300,42.1500,1828700
2006-07-27,43.3900,43.6300,42.5400,42.6000,1200300
2006-07-26,43.0000,43.2300,42.8200,43.2100,895500
2006-07-25,42.6900,43.0900,42.5600,43.0200,642600
2006-07-24,42.6300,42.9500,42.6140,42.6500,834700
2006-07-21,42.3500,42.7400,42.0700,42.6400,754000
2006-07-20,41.7000,42.2800,41.6700,42.1100,630600
2006-07-19,41.6900,42.0900,41.5400,41.7700,806300
2006-07-18,41.7000,41.7000,41.2600,41.4900,738500
2006-07-17,41.3700,41.8600,41.3300,41.5000,598000
2006-07-14,41.5500,41.7400,41.2000,41.3300,464800
2006-07-13,41.4100,41.8500,41.4000,41.6300,991200
2006-07-12,41.7500,41.7500,41.2600,41.4000,642700
2006-07-11,41.5100,41.7200,41.4000,41.6700,380600
2006-07-10,41.3800,41.5700,41.1000,41.4800,465300
2006-07-07,40.8100,41.4000,40.6500,41.1800,650900
2006-07-06,40.8500,40.8700,40.5900,40.8100,361400
2006-07-05,40.6800,40.9400,40.6400,40.7700,553200
2006-07-03,40.7400,40.9800,40.5900,40.9600,321100
2006-06-30,40.6300,40.7700,40.3500,40.7400,903400
2006-06-29,40.1900,40.7000,40.0000,40.6000,831500
2006-06-28,39.8800,39.9900,39.6500,39.9400,535800
2006-06-27,39.8700,40.0100,39.6300,39.7600,581000
2006-06-26,39.6700,39.9500,39.6200,39.8200,618300
2006-06-23,39.7700,39.9300,39.5000,39.6700,812100
2006-06-22,39.8900,39.8900,39.5900,39.7700,1002200
2006-06-21,40.0500,40.3200,39.8700,39.9300,935000
2006-06-20,40.2500,40.3100,39.9500,40.2000,841300
2006-06-19,40.8300,40.8400,40.0500,40.2300,734800
2006-06-16,40.6000,41.0200,40.5500,40.7500,609400
2006-06-15,40.6300,40.9600,40.3500,40.6800,950800
2006-06-14,41.3400,41.4200,40.9400,41.1500,879400
2006-06-13,41.7500,41.8300,41.3000,41.3400,988500
2006-06-12,41.6300,41.9100,41.3300,41.6900,718200
2006-06-09,41.0500,41.4700,41.0000,41.4600,992600
2006-06-08,40.8200,41.3400,40.6500,41.1500,892900
2006-06-07,40.4400,41.0700,40.3800,40.7000,789200
2006-06-06,40.8000,40.8000,39.9300,40.3400,712000
2006-06-05,40.9800,41.0600,40.6000,40.6500,551500
2006-06-02,40.8000,41.0900,40.5500,40.9800,642300
2006-06-01,40.3900,40.7000,40.2500,40.6900,728800
2006-05-31,39.8900,40.7200,39.8900,40.4200,768000
2006-05-30,40.1900,40.3200,39.8100,39.8500,737200
2006-05-26,40.4000,40.4200,40.1300,40.4100,535500
2006-05-25,40.0300,40.2500,39.7200,40.2400,630700
2006-05-24,39.4300,39.8200,39.0000,39.7400,818800
2006-05-23,40.1800,40.3400,39.3800,39.4300,703100
2006-05-22,39.5800,40.3400,39.4200,40.1800,1124900
2006-05-19,39.3500,39.7400,38.8900,39.5800,1012000
2006-05-18,39.0000,39.5200,38.8900,39.1500,631500
2006-05-17,39.4000,39.7400,38.7700,39.0000,747100
2006-05-16,40.0300,40.1500,39.5200,39.5800,438900
2006-05-15,39.7500,40.3000,39.6700,39.9800,734500
2006-05-12,40.3500,40.4500,39.7000,39.7000,548300
2006-05-11,40.5700,40.6500,39.9900,40.3500,704500
2006-05-10,40.5000,40.8400,40.4500,40.6100,696000
2006-05-09,41.1100,41.1100,40.3600,40.4200,852200
2006-05-08,40.8700,41.1100,40.7800,41.0100,553500
2006-05-05,40.3600,41.0200,40.3600,40.8700,597300
2006-05-04,40.3500,40.6700,40.3258,40.5600,379100
2006-05-03,40.5600,40.6300,40.1200,40.3600,496200
2006-05-02,40.3900,40.5600,40.2800,40.5300,535700
2006-05-01,40.8900,40.9900,40.0400,40.1400,900100
2006-04-28,41.0000,41.0000,40.5800,40.7800,628900
2006-04-27,40.1600,41.2000,39.7500,41.0400,1101300
2006-04-26,40.2800,40.5800,39.8500,40.1600,687800
2006-04-25,40.8500,40.8900,40.0900,40.2800,830100
2006-04-24,40.5500,41.0200,40.3500,40.9500,809400
2006-04-21,40.4300,40.6900,40.2700,40.5200,974400
2006-04-20,39.7100,40.2100,39.5700,40.2100,1032900
2006-04-19,39.8900,40.0800,39.2700,39.7200,1075300
2006-04-18,39.7300,39.9500,39.1600,39.8900,1559500
2006-04-17,39.7500,39.9400,39.5800,39.7300,886900
2006-04-13,39.9200,39.9700,39.5100,39.6700,513100
2006-04-12,39.7100,39.9400,39.4200,39.9200,835200
2006-04-11,40.2000,40.3000,39.4000,39.6100,983800
2006-04-10,40.7100,40.7100,40.0000,40.0500,686300
2006-04-07,41.3400,41.3400,40.2700,40.5100,923100
2006-04-06,41.5500,41.5500,40.9448,41.3400,862600
2006-04-05,41.0700,41.6200,40.9200,41.6000,769600
2006-04-04,40.9000,41.2300,40.4100,41.1600,744300
2006-04-03,40.5000,41.1400,40.3700,40.8200,1081900
2006-03-31,40.7100,40.9100,40.0000,40.0900,1099300
2006-03-30,41.0200,41.1600,40.3900,40.7100,715300
2006-03-29,40.9800,41.1900,40.7000,41.1100,852700
2006-03-28,40.9900,41.1200,40.6200,40.8400,907300
2006-03-27,41.3000,41.4000,40.9600,41.0000,749400
2006-03-24,41.8000,41.8500,41.3200,41.3800,1087200
2006-03-23,41.9500,42.0800,41.7500,41.9000,583600
2006-03-22,41.9800,42.1500,41.8000,42.0700,454400
2006-03-21,42.2800,42.2800,41.8900,41.9600,521100
2006-03-20,42.8800,42.8900,42.0900,42.2500,581000
2006-03-17,42.9000,42.9300,42.6615,42.8900,774400
2006-03-16,42.7200,43.0200,42.5600,42.7200,1012100
2006-03-15,42.7000,43.2300,42.6700,42.6700,730700
2006-03-14,42.5200,42.7900,42.3500,42.7700,613500
2006-03-13,42.1200,42.6900,42.0900,42.5700,665900
2006-03-10,42.3000,42.4300,42.0300,42.2200,842900
2006-03-09,42.2000,42.3700,41.9700,42.0400,1077100
2006-03-08,42.2900,42.6600,41.8500,42.2500,687000
2006-03-07,42.5100,43.1400,42.1300,42.3400,524700
2006-03-06,42.9800,42.9800,42.2300,42.5100,1829800
2006-03-03,42.8500,43.0500,42.5800,42.9800,671900
2006-03-02,42.6500,43.0600,42.4800,43.0300,679900
2006-03-01,43.2500,43.3500,42.8600,43.0800,548300
2006-02-28,43.7000,43.7700,43.0700,43.3000,888600
2006-02-27,43.5500,43.8000,43.3100,43.7800,762700
2006-02-24,43.3000,43.4400,43.2000,43.4300,671000
2006-02-23,43.1300,43.4500,42.9200,43.3900,771300
2006-02-22,42.9500,43.2700,42.9100,43.2300,617000
2006-02-21,42.9800,43.3500,42.7500,42.8500,843000
2006-02-17,42.6500,43.0200,42.4780,42.8700,977100
2006-02-16,42.0000,42.6700,41.9500,42.6500,532600
2006-02-15,42.1500,42.3400,41.8500,41.9800,767200
2006-02-14,42.2300,42.2600,41.8000,42.1900,659100
2006-02-13,42.0000,42.2700,41.9100,42.2300,450700
2006-02-10,41.9800,42.2200,41.9500,42.0500,917800
2006-02-09,42.0200,42.3500,41.9500,41.9900,692400
2006-02-08,42.0900,42.1500,41.8000,42.0400,1141600
2006-02-07,41.9500,42.1600,41.8400,42.1000,746300
2006-02-06,41.1000,42.0300,41.0600,42.0300,999400
2006-02-03,41.5000,41.7000,41.1700,41.1700,672900
2006-02-02,42.2000,42.2900,41.5300,41.7400,828700
2006-02-01,42.2000,42.5100,42.1900,42.3300,774400
2006-01-31,42.1700,42.4400,42.0800,42.2000,564700
2006-01-30,42.4000,42.4900,42.2100,42.2600,529600
2006-01-27,42.5800,43.1000,42.4500,42.4800,573200
2006-01-26,42.9000,43.1000,42.4000,42.5700,686700
2006-01-25,43.9500,44.0500,42.4400,42.7600,1231900
2006-01-24,43.2500,44.0000,43.2000,43.9500,1009100
2006-01-23,43.2500,43.5600,43.0500,43.2500,396200
2006-01-20,43.7200,43.9300,43.2500,43.3700,572700
2006-01-19,43.9900,44.1000,43.7200,43.8600,544200
2006-01-18,44.0000,44.1700,43.7500,43.8640,752200
2006-01-17,43.7900,44.2300,43.7135,44.0800,790900
2006-01-13,43.6400,43.9000,43.5000,43.8600,542700
2006-01-12,43.4500,44.0000,43.3200,43.6400,1039600
2006-01-11,43.6000,43.6700,43.2700,43.5800,587600
2006-01-10,43.4000,43.5800,43.2200,43.5700,449400
2006-01-09,43.6200,43.7000,43.2200,43.6600,548200
2006-01-06,43.4900,43.7100,43.2600,43.7000,407300
2006-01-05,43.4200,43.7000,43.1600,43.2400,383500
2006-01-04,43.6500,43.7100,42.8600,43.6100,798100
2006-01-03,43.2200,43.7500,42.8300,43.7200,621400
2005-12-30,43.1200,43.2800,42.9700,43.1900,519500
2005-12-29,43.4900,43.7600,43.3100,43.3700,458900
2005-12-28,43.7500,43.8800,43.2520,43.4900,367200
2005-12-27,43.6100,43.9100,43.5200,43.6600,341400
2005-12-23,43.5700,43.9200,43.5700,43.6200,252300
2005-12-22,43.6800,43.9000,43.4300,43.6500,346100
2005-12-21,43.9500,44.1000,43.4100,43.5000,390000
2005-12-20,43.7500,43.9000,43.6700,43.8200,434000
2005-12-19,44.1200,44.1800,43.6200,43.6700,483700
2005-12-16,44.2700,44.4000,44.1000,44.2000,948700
2005-12-15,43.7800,44.2600,43.5500,44.0500,696300
2005-12-14,43.7900,44.3100,43.7600,44.3000,695200
2005-12-13,43.3700,43.8100,43.3700,43.7100,679400
2005-12-12,43.8400,43.9500,43.2600,43.4500,396800
2005-12-09,43.3500,43.9000,43.3500,43.8000,412600
2005-12-08,43.2100,43.6700,43.0600,43.4200,533000
2005-12-07,43.3900,43.6300,43.0600,43.2100,530100
2005-12-06,43.8500,43.9400,43.3400,43.3900,636800
2005-12-05,43.7300,43.8800,43.3000,43.7300,569400
2005-12-02,43.8500,43.8600,43.5900,43.7300,450100
2005-12-01,43.7400,44.3500,43.7300,44.0100,756000
2005-11-30,44.0200,44.2000,43.6000,43.6400,647800
2005-11-29,44.3000,44.6400,44.0300,44.1200,710100
2005-11-28,44.3300,44.4100,44.0000,44.1300,318300
2005-11-25,44.1000,44.4400,44.0700,44.3300,111900
2005-11-23,43.7500,44.3700,43.6800,44.1800,440800
2005-11-22,43.5000,43.8600,43.2900,43.8100,429500
2005-11-21,43.4400,43.7800,43.4400,43.7000,282800
2005-11-18,43.8000,43.8100,43.0000,43.5400,906400
2005-11-17,43.1700,43.5800,43.1500,43.4400,792400
2005-11-16,43.0200,43.4200,43.0000,43.1700,597500
2005-11-15,42.8400,43.1600,42.7000,43.0200,491100
2005-11-14,43.2100,43.4200,42.8000,42.9000,510000
2005-11-11,43.5600,43.5600,43.0500,43.4000,672400
2005-11-10,43.4400,43.6000,42.6800,43.5600,702200
2005-11-09,42.6600,43.7400,42.4600,43.4800,931400
2005-11-08,42.3500,42.8600,42.1100,42.7000,629700
2005-11-07,42.7400,42.8500,42.2000,42.4600,763500
2005-11-04,43.2600,43.4700,42.5100,42.7200,731300
2005-11-03,43.2600,43.4900,42.5500,42.7900,984900
2005-11-02,42.8800,43.1500,42.4700,43.1500,743000
2005-11-01,43.1500,43.2500,42.6800,42.7600,817000
2005-10-31,42.9400,43.4200,42.8400,43.2000,736600
2005-10-28,42.0200,42.7500,41.8700,42.7400,447200
2005-10-27,42.4800,42.6600,41.9100,41.9700,516600
2005-10-26,42.5900,42.9400,42.1800,42.3600,639400
2005-10-25,42.3700,42.9000,42.2400,42.7800,569800
2005-10-24,41.8200,42.5900,41.8000,42.4900,614500
2005-10-21,41.8500,42.1600,41.6600,41.8100,860300
2005-10-20,42.3700,42.4800,41.6300,41.8500,846900
2005-10-19,42.3700,42.4900,41.3900,42.4900,1234400
2005-10-18,42.8800,42.8800,42.2300,42.4200,897400
2005-10-17,42.8400,43.4800,42.7300,42.8800,841900
2005-10-14,42.8500,42.9900,42.2000,42.8000,680800
2005-10-13,42.8000,43.0000,42.2200,42.5500,772400
2005-10-12,43.4800,43.8800,42.8100,43.0600,520200
2005-10-11,43.9500,44.1900,43.4700,43.4800,485500
2005-10-10,44.5100,44.5200,43.7600,43.8900,433300
2005-10-07,44.5100,44.9800,44.3400,44.5800,517600
2005-10-06,44.8500,45.1300,43.7900,44.4200,818000
2005-10-05,45.9000,46.1900,44.8400,44.8500,882000
2005-10-04,46.4900,46.6300,45.9100,45.9300,564200
2005-10-03,45.8900,46.6500,45.8800,46.4900,737800
2005-09-30,46.0300,46.2100,45.5900,45.8600,903400
2005-09-29,45.5100,46.1000,45.3000,45.9200,948900
2005-09-28,45.5000,45.8100,45.1700,45.5700,844900
2005-09-27,45.2900,45.6900,45.1500,45.4500,888900
2005-09-26,45.3200,45.4600,45.1200,45.1800,706800
2005-09-23,45.0000,45.1900,44.8000,45.1600,781200
2005-09-22,45.0000,45.3000,44.6300,44.9800,779600
2005-09-21,45.4000,45.6600,44.9100,45.0400,764300
2005-09-20,45.8200,46.0800,45.2300,45.5000,790200
2005-09-19,46.1000,46.3700,45.6800,45.8000,622400
2005-09-16,46.2100,46.3500,45.9500,46.2500,1260200
2005-09-15,46.0500,46.2700,45.9500,46.0800,589100
2005-09-14,46.5600,46.6800,46.2000,46.4300,639500
2005-09-13,46.8000,46.9300,46.4600,46.4800,652600
2005-09-12,46.7000,46.9000,46.5000,46.7200,493600
2005-09-09,46.2200,46.9500,46.2200,46.7000,570800
2005-09-08,46.6000,46.6000,46.1600,46.2500,582600
2005-09-07,46.7300,46.8400,46.4700,46.6100,567800
2005-09-06,46.3000,46.8700,46.3000,46.7600,508800
2005-09-02,46.5300,46.7200,46.0700,46.2300,397100
2005-09-01,45.6600,46.7000,45.6080,46.5300,912900
2005-08-31,45.3700,45.7800,45.2800,45.7700,832600
2005-08-30,45.5900,45.8000,45.0400,45.4500,378600
2005-08-29,45.2100,45.7300,45.0400,45.6900,413200
2005-08-26,45.5700,45.7100,45.4000,45.4600,503500
2005-08-25,45.4000,45.5900,45.3000,45.5800,460300
2005-08-24,45.6000,45.9000,45.3200,45.4000,465500
2005-08-23,45.4500,45.7400,45.4200,45.6400,426100
2005-08-22,44.9800,45.4600,44.9300,45.4500,479100
2005-08-19,45.0800,45.2800,44.9700,45.0000,382900
2005-08-18,44.7000,45.1100,44.5900,45.0000,749000
2005-08-17,44.4000,44.8700,44.1100,44.6200,640600
2005-08-16,45.5800,45.6000,44.6400,44.6700,452000
2005-08-15,45.5200,45.7500,45.3100,45.4800,406800
2005-08-12,45.5800,45.8200,45.2300,45.5200,381100
2005-08-11,45.3600,45.6000,45.1200,45.5900,609700
2005-08-10,45.7000,45.9800,45.0000,45.2900,508200
2005-08-09,45.9100,45.9100,45.0200,45.3500,919600
2005-08-08,45.8000,46.1400,44.8400,44.9600,1070000
2005-08-05,46.7000,46.7100,45.7700,45.9900,577100
2005-08-04,47.0700,47.1300,46.5000,46.7000,482300
2005-08-03,46.5500,47.3900,46.4500,47.0600,997800
2005-08-02,46.5000,46.8000,46.4300,46.5500,666900
2005-08-01,46.9700,47.1300,46.3600,46.3900,710000
2005-07-29,47.5000,47.6000,46.9700,47.0000,1062100
2005-07-28,47.3800,47.7600,47.1500,47.7500,606500
2005-07-27,47.3500,47.5500,47.2300,47.3000,437600
2005-07-26,47.5400,47.6000,47.1800,47.3100,459000
2005-07-25,47.5200,47.8600,47.3800,47.4800,382900
2005-07-22,47.2200,47.5900,47.1500,47.5900,399500
2005-07-21,47.5300,47.7100,46.9400,47.1400,488600
2005-07-20,47.6000,47.8200,47.3700,47.6500,529800
2005-07-19,47.6400,47.7900,47.5100,47.5600,355600
2005-07-18,47.7900,47.8500,47.5200,47.5300,337300
2005-07-15,47.5000,47.8400,47.3900,47.6800,761000
2005-07-14,48.0500,48.1400,47.2300,47.3800,629200
2005-07-13,47.8000,47.8800,47.6300,47.8100,599300
2005-07-12,47.9900,48.1200,47.6500,47.8300,397100
2005-07-11,48.1100,48.2200,47.7900,47.9800,404400
2005-07-08,47.7000,48.1200,47.5000,48.1100,428000
2005-07-07,47.0200,47.7400,46.6500,47.7000,493300
2005-07-06,47.4500,47.7200,47.3500,47.5100,919700
2005-07-05,47.0000,47.6200,46.9200,47.4500,454300
2005-07-01,46.8600,47.1328,46.7500,47.0700,432700
2005-06-30,46.7300,47.2300,46.6600,46.7700,546500
2005-06-29,46.7000,47.0800,46.5200,46.8100,393300
2005-06-28,46.4500,46.8300,46.4400,46.8200,893600
2005-06-27,46.2600,46.6700,46.1500,46.5500,399000
2005-06-24,46.8000,47.1400,46.2800,46.3600,596200
2005-06-23,46.8600,47.0100,46.7200,46.9000,578700
2005-06-22,47.0400,47.0800,46.8200,46.8900,595700
2005-06-21,46.9600,47.0800,46.6700,46.8200,691800
2005-06-20,47.0100,47.1200,46.7900,47.0100,585900
2005-06-17,47.0000,47.2200,46.8500,47.0800,860800
2005-06-16,47.0500,47.0700,46.6100,46.9700,517700
2005-06-15,47.8300,47.9000,47.4000,47.5400,480700
2005-06-14,47.5800,48.0000,47.5800,47.8300,472800
2005-06-13,47.3800,48.3100,47.2200,47.6500,506100
2005-06-10,47.4500,47.6100,47.3100,47.5100,439000
2005-06-09,47.4200,47.4900,47.1500,47.4500,534700
2005-06-08,47.3600,47.7100,47.2800,47.4900,346900
2005-06-07,47.3700,47.8400,47.2700,47.3000,397800
2005-06-06,47.1200,47.3300,47.0100,47.2700,412400
2005-06-03,47.1700,47.4300,46.9800,47.2700,583700
2005-06-02,47.3500,47.5300,47.1000,47.3200,818300
2005-06-01,47.4800,48.2200,47.4500,47.8000,862800
2005-05-31,46.8400,47.7100,46.7300,47.5400,909100
2005-05-27,46.6000,47.0000,46.5100,46.9600,289600
2005-05-26,46.4500,46.6900,46.3300,46.6700,423300
2005-05-25,46.1500,46.5000,45.9500,46.3700,542800
2005-05-24,46.3800,46.4100,46.0400,46.3200,545200
2005-05-23,46.2000,46.4500,46.0000,46.3600,485800
2005-05-20,46.2500,46.3800,46.0000,46.3800,446700
2005-05-19,46.0900,46.3300,46.0100,46.2000,467100
2005-05-18,46.5000,46.5000,46.0800,46.0800,708700
2005-05-17,46.1000,46.4700,45.9900,46.3300,562000
2005-05-16,45.4100,46.3600,45.1500,46.3000,787600
2005-05-13,46.3200,46.3700,44.7700,45.4100,841200
2005-05-12,46.3700,46.5800,46.0800,46.2700,661200
2005-05-11,46.4000,46.6000,46.1100,46.4000,349400
2005-05-10,46.7900,46.7900,46.2600,46.5000,501200
2005-05-09,46.3700,46.7900,45.8400,46.7900,542500
2005-05-06,46.1000,46.3900,45.9400,46.2700,462800
2005-05-05,45.9500,46.2600,45.7800,46.0900,592000
2005-05-04,46.1000,46.2000,45.7500,45.9900,720900
2005-05-03,46.0700,46.3600,45.8600,46.0200,648900
2005-05-02,46.0500,46.3900,45.9400,46.2400,587900
2005-04-29,45.4600,46.0500,45.3250,45.9500,709900
2005-04-28,45.6000,45.8900,45.1300,45.4200,783300
2005-04-27,45.3000,46.3000,45.0100,46.0000,760200
2005-04-26,45.6400,45.8100,45.3200,45.3300,490900
2005-04-25,45.4100,46.0900,45.4100,45.7500,898400
2005-04-22,44.7500,45.4000,44.6000,45.3300,1114000
2005-04-21,44.6200,45.0500,44.4100,44.9500,710200
2005-04-20,45.1300,45.1300,44.4000,44.4100,824400
2005-04-19,45.1200,45.2300,44.7600,45.2300,714400
2005-04-18,44.8900,45.2100,44.4500,45.1200,810500
2005-04-15,45.7700,45.7800,44.8900,44.9200,751000
2005-04-14,46.2500,46.2600,45.6400,45.7200,635000
2005-04-13,46.1900,46.3800,45.9800,46.2500,756000
2005-04-12,46.0500,46.3400,45.7600,46.1900,685300
2005-04-11,45.9100,46.2000,45.8200,46.0500,527700
2005-04-08,45.9500,46.1300,45.7800,45.9100,509000
2005-04-07,45.8400,46.2100,45.6500,46.0100,422800
2005-04-06,46.0000,46.2000,45.8100,45.9400,464500
2005-04-05,45.8500,46.0800,45.7000,45.8400,562600
2005-04-04,45.3000,45.7800,45.0100,45.7700,554000
2005-04-01,45.8100,45.9300,45.1800,45.4600,560100
2005-03-31,45.2500,45.6300,45.2500,45.4800,651100
2005-03-30,44.6100,45.2500,44.6100,45.2500,656000
2005-03-29,44.8700,44.9800,44.4800,44.6100,964400
2005-03-28,44.7700,45.0400,44.6400,44.8200,427300
2005-03-24,44.4200,44.9900,44.4000,44.6500,482700
2005-03-23,44.2000,44.5400,43.3696,44.4700,986500
2005-03-22,45.3300,45.3900,44.3000,44.4000,683200
2005-03-21,45.5400,45.6300,45.0900,45.3300,403400
2005-03-18,45.6600,45.7000,45.0500,45.4400,655300
2005-03-17,45.9500,46.0000,45.3400,45.6500,660600
2005-03-16,46.3900,46.8000,45.9600,46.2300,1049500
2005-03-15,46.8600,46.9900,46.2800,46.3800,634300
2005-03-14,45.9500,46.7500,45.9400,46.6600,630100
2005-03-11,46.3000,46.8000,45.7300,45.8900,654700
2005-03-10,45.7000,46.3000,45.5500,46.3000,898300
2005-03-09,46.0000,46.0000,45.3200,45.4600,651200
2005-03-08,46.1700,46.2100,45.8300,46.0000,497000
2005-03-07,45.9400,46.4400,45.8100,46.3700,806200
2005-03-04,45.4500,45.9400,45.3600,45.7900,575400
2005-03-03,45.2400,45.3800,45.0600,45.3000,652300
2005-03-02,44.9500,45.2000,44.9000,45.1500,980600
2005-03-01,44.3000,44.9500,44.2600,44.9500,1071000
2005-02-28,44.0800,44.2500,43.6900,44.2200,1015300
2005-02-25,43.4800,44.2300,43.2300,43.9000,994300
2005-02-24,43.4500,43.5000,43.0100,43.4400,806200
2005-02-23,43.4000,43.7800,43.3200,43.3900,878600
2005-02-22,44.2800,44.2800,43.2100,43.2100,819500
2005-02-18,44.7700,44.7700,44.2300,44.2400,484500
2005-02-17,44.9800,45.0500,44.6600,44.7100,529500
2005-02-16,44.6000,44.9800,44.3700,44.9800,343900
2005-02-15,44.8000,44.8800,44.5500,44.6400,559200
2005-02-14,44.8400,45.0000,44.6800,44.7100,588400
2005-02-11,44.7500,44.8200,44.3400,44.8200,567500
2005-02-10,44.9500,44.9500,44.5800,44.7500,407400
2005-02-09,44.7500,44.9300,44.6100,44.7200,493800
2005-02-08,44.6400,44.7700,44.5600,44.7700,344000
2005-02-07,44.6200,44.6900,44.4300,44.6400,417000
2005-02-04,44.2000,44.6200,43.9800,44.6200,565300
2005-02-03,43.9700,44.1000,43.7300,44.0000,324300
2005-02-02,44.0600,44.2100,43.7200,43.9700,467100
2005-02-01,43.9300,44.0500,43.7700,43.9500,528400
2005-01-31,43.3500,43.8100,43.2500,43.8100,514500
2005-01-28,43.5000,43.5000,42.8200,43.1000,687300
2005-01-27,43.2700,43.5700,43.2000,43.3900,387600
2005-01-26,43.0000,43.2500,42.8600,43.1800,568600
2005-01-25,43.2500,43.3600,42.6000,42.7700,669900
2005-01-24,43.3300,43.3300,42.8600,43.0000,733000
2005-01-21,43.6900,43.7200,43.0800,43.1200,344400
2005-01-20,43.6000,43.6500,43.2800,43.5000,457300
2005-01-19,43.9000,44.0000,43.5500,43.5900,404100
2005-01-18,43.3300,43.7700,43.2000,43.7500,867500
2005-01-14,42.9000,43.3000,42.6500,43.2600,703700
2005-01-13,42.8200,43.1500,42.7500,42.8600,725500
2005-01-12,42.9500,42.9500,42.4200,42.6600,379700
2005-01-11,43.0900,43.0900,42.6000,42.7400,474600
2005-01-10,42.8500,43.1200,42.6800,43.0200,538200
2005-01-07,42.9800,43.1900,42.4800,42.7100,511700
2005-01-06,42.5500,42.8400,42.4800,42.6800,585300
2005-01-05,42.9100,42.9500,42.4000,42.5000,739900
2005-01-04,43.0000,43.0700,42.7200,42.7500,608400
2005-01-03,43.3300,43.4500,42.6700,42.7600,793500
2004-12-31,43.2600,43.4000,43.0500,43.1300,384500
2004-12-30,42.9800,43.2100,42.8100,43.1200,377200
2004-12-29,42.7200,42.9600,42.5900,42.9300,455500
2004-12-28,42.5000,42.6300,42.2600,42.5500,431200
2004-12-27,43.2400,43.2400,42.5700,42.5900,502700
2004-12-23,43.4000,43.4900,43.0500,43.1600,518700
2004-12-22,43.5000,43.7300,43.1700,43.2500,625900
2004-12-21,43.6500,43.6500,43.1600,43.5000,652800
2004-12-20,44.0000,44.0000,43.2500,43.3000,646000
2004-12-17,43.0000,43.6900,42.9200,43.6900,2071200
2004-12-16,44.4700,44.4900,44.0500,44.1600,1132200
2004-12-15,44.0800,44.7500,44.0000,44.7400,951200
2004-12-14,44.2400,44.2900,43.8000,43.9700,726800
2004-12-13,43.8500,44.1700,43.8100,44.1200,719800
2004-12-10,44.3000,44.3000,43.2500,43.5300,582700
2004-12-09,43.7600,43.9100,43.4200,43.6400,525000
2004-12-08,44.1000,44.1100,43.5800,43.6800,575200
2004-12-07,44.1000,44.1300,43.6900,43.9100,888800
2004-12-06,43.3900,43.9400,43.1900,43.8500,547900
2004-12-03,43.1100,43.5600,43.1000,43.4600,978300
2004-12-02,43.1400,43.2900,42.7100,43.0000,956300
2004-12-01,44.1000,44.1800,43.1000,43.1300,1222200
2004-11-30,44.4800,44.4800,43.8500,43.8800,532100
2004-11-29,45.3100,45.3700,44.3300,44.3300,580900
2004-11-26,45.0500,45.4300,44.9900,45.3000,144600
2004-11-24,45.3500,45.4900,45.1400,45.2300,999100
2004-11-23,44.4000,44.7000,44.2000,44.7000,1349600
2004-11-22,44.2700,44.6600,44.2700,44.3900,1246200
2004-11-19,44.9500,44.9600,44.0200,44.3700,540900
2004-11-18,44.8400,44.9500,44.5900,44.7800,419100
2004-11-17,44.9600,45.0000,43.5600,44.4000,753900
2004-11-16,44.5800,44.6600,44.3000,44.3500,426700
2004-11-15,44.6500,44.7500,44.2600,44.5800,494600
2004-11-12,43.8500,44.7500,43.8000,44.7200,645800
2004-11-11,43.7500,43.9700,43.4000,43.9700,640900
2004-11-10,43.6400,43.9300,43.3500,43.7100,480700
2004-11-09,43.9500,43.9900,43.2600,43.5400,826900
2004-11-08,43.6700,43.9900,43.5400,43.9500,399500
2004-11-05,43.6000,44.2700,42.4700,43.4400,1309200
2004-11-04,43.7500,44.4300,43.6400,44.3900,632200
2004-11-03,43.0000,43.5500,43.0000,43.5500,707200
2004-11-02,43.1000,43.1600,42.5700,42.6100,647200
2004-11-01,42.7800,43.1000,42.7300,43.0900,649200
2004-10-29,42.1600,43.4400,42.1000,42.7100,617600
2004-10-28,42.1000,42.2300,41.7100,42.0600,639700
2004-10-27,42.5500,42.5500,42.0400,42.0900,631700
2004-10-26,42.2300,42.6000,42.0000,42.6000,693700
2004-10-25,42.1100,42.2500,41.8500,42.0900,560800
2004-10-22,42.2200,42.2400,41.8400,41.9300,397900
2004-10-21,41.8200,42.2000,41.6100,42.0500,562300
2004-10-20,41.7100,41.7900,41.5000,41.7600,554600
2004-10-19,41.8700,42.0400,41.4400,41.6100,390500
2004-10-18,42.3300,42.3800,41.6400,41.6800,489100
2004-10-15,42.1700,42.3800,41.9700,42.1300,678200
2004-10-14,42.0000,42.0100,41.7000,41.9400,367400
2004-10-13,42.6200,42.7500,41.6700,41.8400,472800
2004-10-12,42.1800,42.6400,42.1000,42.4900,501200
2004-10-11,42.2300,42.3500,42.0200,42.1000,243400
2004-10-08,42.0500,42.2600,42.0000,42.2300,301800
2004-10-07,42.3500,42.5000,41.9200,41.9600,529700
2004-10-06,42.3000,42.5200,42.1200,42.5000,453500
2004-10-05,42.3400,42.3500,42.2000,42.2500,487500
2004-10-04,42.3000,42.4700,42.0700,42.2500,490200
2004-10-01,42.2200,42.2200,42.0200,42.1300,603200
2004-09-30,42.0200,42.2100,41.8100,42.1900,668700
2004-09-29,41.8500,42.0000,41.5500,41.9800,482200
2004-09-28,41.6800,42.0000,41.6600,41.8500,582600
2004-09-27,41.4400,41.6500,41.2300,41.5500,471200
2004-09-24,41.4500,41.8500,41.1500,41.4400,951000
2004-09-23,41.1800,41.2300,40.8300,40.8300,404200
2004-09-22,41.2400,41.2600,40.9400,41.1300,412300
2004-09-21,41.2300,41.3400,41.1100,41.2600,470300
2004-09-20,41.0200,41.2200,41.0100,41.1600,336200
2004-09-17,41.2700,41.3100,41.1100,41.1400,941000
2004-09-16,40.9200,41.3500,40.8600,41.2600,625000
2004-09-15,41.0300,41.1400,40.6100,40.7200,405300
2004-09-14,41.3300,41.3500,40.8200,40.9200,698800
2004-09-13,41.1800,41.2100,40.9700,41.2100,536500
2004-09-10,40.9900,41.1300,40.7200,41.1000,437300
2004-09-09,41.2000,41.3500,40.7800,40.8600,574100
2004-09-08,41.7000,41.7000,41.0500,41.1000,659900
2004-09-07,41.4800,41.6400,41.3700,41.6400,423200
2004-09-03,41.4900,41.5700,41.1900,41.2600,429500
2004-09-02,41.4500,41.5100,41.3000,41.4900,268800
2004-09-01,41.4200,41.5000,41.1100,41.4100,540000
2004-08-31,40.8300,41.3200,40.8100,41.3200,588400
2004-08-30,40.7700,40.9200,40.6700,40.8100,435500
2004-08-27,40.8900,40.8900,40.6400,40.8200,518500
2004-08-26,40.9000,40.9700,40.5400,40.7500,475400
2004-08-25,40.6300,40.9200,40.5700,40.8900,427200
2004-08-24,40.2500,40.5900,40.1000,40.5400,747300
2004-08-23,39.9500,40.2000,39.9200,40.0800,419200
2004-08-20,40.1500,40.2300,39.9600,40.0600,433300
2004-08-19,40.4500,40.4500,40.1000,40.1500,425000
2004-08-18,39.9800,40.4500,39.9800,40.4500,477800
2004-08-17,40.0000,40.0500,39.8400,39.9600,419600
2004-08-16,39.6300,39.9100,39.6100,39.8700,444400
2004-08-13,39.6600,39.6600,39.3900,39.5600,506000
2004-08-12,39.9000,39.9000,39.5500,39.5600,618500
2004-08-11,40.1300,40.1300,39.7300,39.8200,900300
2004-08-10,40.3500,40.3800,40.0100,40.1300,376000
2004-08-09,40.0500,40.4000,39.9500,40.2300,575200
2004-08-06,40.0300,40.5100,39.9700,40.0400,1426900
2004-08-05,40.4500,40.5200,39.9200,40.0300,451400
2004-08-04,40.3100,40.5700,40.0500,40.4500,444500
2004-08-03,40.3000,40.4600,40.1200,40.3100,1039300
2004-08-02,40.1700,40.3800,39.9800,40.2900,549400
2004-07-30,39.7100,40.1700,39.7100,40.1700,656200
2004-07-29,39.6600,40.0600,39.5800,39.7000,596400
2004-07-28,39.5300,39.7500,39.3800,39.5500,738600
2004-07-27,39.8500,39.9400,39.3100,39.5200,467500
2004-07-26,39.9600,40.1200,39.5200,39.7000,677800
2004-07-23,40.0700,40.1500,39.7800,39.9200,547500
2004-07-22,40.5700,40.6500,39.9500,40.0700,601400
2004-07-21,41.4500,41.4500,40.5600,40.5600,554300
2004-07-20,41.3500,41.5000,41.1400,41.2000,641500
2004-07-19,41.0700,41.4800,41.0400,41.2800,436200
2004-07-16,41.0000,41.2200,40.9100,41.1300,499000
2004-07-15,40.5200,40.8700,40.4000,40.7700,492300
2004-07-14,40.3700,40.6300,40.2300,40.5200,448300
2004-07-13,40.4400,40.5600,40.3300,40.3700,463100
2004-07-12,40.5000,40.5800,40.4000,40.4500,583600
2004-07-09,40.4600,40.6000,40.4000,40.5000,630600
2004-07-08,40.7100,40.7100,40.4000,40.4600,973600
2004-07-07,40.5000,40.9300,40.2600,40.7100,752000
2004-07-06,40.8000,41.0000,40.7200,40.8000,950900
2004-07-02,40.3500,40.8200,40.3500,40.8200,459600
2004-07-01,40.4300,40.5700,40.0000,40.3300,583700
2004-06-30,40.2000,40.6000,39.7100,40.5400,602500
2004-06-29,40.6800,40.7100,40.1000,40.1700,486600
2004-06-28,40.5600,40.9900,40.4700,40.6100,447800
2004-06-25,40.6500,40.6500,40.2500,40.3600,375300
2004-06-24,40.5700,40.8000,40.5400,40.5400,354800
2004-06-23,40.6800,40.7300,40.4600,40.6800,489700
2004-06-22,40.6000,40.8600,40.4900,40.6300,548000
2004-06-21,40.5800,40.7800,40.4600,40.6700,572100
2004-06-18,40.1600,40.6200,40.1600,40.4600,1086200
2004-06-17,40.0700,40.3500,39.9000,40.1500,2160600
2004-06-16,40.1500,40.4700,40.1000,40.4200,965200
2004-06-15,40.2000,40.4900,39.9400,39.9900,633900
2004-06-14,40.1400,40.1400,39.8600,39.9900,455600
2004-06-10,39.8400,40.1800,39.8400,40.1300,581700
2004-06-09,40.1100,40.2000,39.7900,39.8900,429400
2004-06-08,40.0600,40.1300,39.8500,40.1100,515900
2004-06-07,39.6600,40.1200,39.6600,40.1200,345100
2004-06-04,39.7400,39.8900,39.5100,39.6500,428100
2004-06-03,40.0600,40.0600,39.6100,39.6900,477700
2004-06-02,40.0300,40.2500,39.8000,40.0600,415100
2004-06-01,40.2100,40.2100,39.9200,39.9700,457300
2004-05-28,40.1000,40.2500,40.0000,40.2100,636300
2004-05-27,39.7200,40.0800,39.6900,40.0000,1008800
2004-05-26,39.2000,39.8600,39.0900,39.4800,752100
2004-05-25,38.9200,39.4500,38.6400,39.3800,487900
2004-05-24,38.7500,38.9500,38.6100,38.9200,331600
2004-05-21,38.6300,38.6900,38.3700,38.5500,342000
2004-05-20,38.5000,38.7500,38.4600,38.5300,534400
2004-05-19,38.7000,38.9700,38.4100,38.5000,554100
2004-05-18,38.7000,38.9100,38.4500,38.4500,366900
2004-05-17,38.8300,38.9300,38.4700,38.5500,477500
2004-05-14,38.5500,39.2000,38.5500,39.0000,442000
2004-05-13,38.3000,38.6500,38.1100,38.5900,583900
2004-05-12,38.2300,38.4500,37.8800,38.3300,624700
2004-05-11,38.5000,38.5500,38.0000,38.2500,660100
2004-05-10,39.0000,39.0000,37.9800,38.1900,1124000
2004-05-07,39.4800,39.5500,38.7900,39.0500,1155000
2004-05-06,39.5400,39.9900,39.1500,39.7100,808200
2004-05-05,39.4500,39.6900,39.3400,39.5300,529200
2004-05-04,39.3100,39.6600,39.0600,39.3000,572800
2004-05-03,39.0000,39.4700,38.8200,39.3100,534200
2004-04-30,38.9300,39.1600,38.8500,39.0200,621500
2004-04-29,39.2800,39.4100,38.6400,38.8200,823300
2004-04-28,39.2500,39.4600,38.9600,39.1800,718500
2004-04-27,39.5300,39.6100,39.1100,39.2500,545000
2004-04-26,39.2000,39.4900,39.1600,39.4300,633500
2004-04-23,39.1200,39.2500,38.9500,39.1800,674500
2004-04-22,38.7800,39.3400,38.5500,39.1600,993000
2004-04-21,39.1000,39.1300,38.7700,38.7700,1384000
2004-04-20,39.2500,39.5100,39.1000,39.1000,778300
2004-04-19,39.3800,39.3800,39.1500,39.2500,702500
2004-04-16,39.2500,39.4800,38.9500,39.3900,887700
2004-04-15,39.3500,39.5100,38.7500,38.8700,883100
2004-04-14,39.1500,39.2200,38.6100,39.0500,619000
2004-04-13,39.9000,39.9100,38.7500,39.2500,922700
2004-04-12,41.0200,41.0200,39.6500,39.9600,807200
2004-04-08,40.9600,41.1900,40.6300,40.7000,400900
2004-04-07,41.4200,41.4200,40.9000,40.9500,443600
2004-04-06,41.3000,41.5200,41.2500,41.5200,377800
2004-04-05,41.4300,41.4700,41.1400,41.4400,497200
2004-04-02,41.5800,41.5800,41.1300,41.3200,460000
2004-04-01,41.1000,41.5800,41.0900,41.5000,398200
2004-03-31,41.2000,41.2300,41.0000,41.1500,471700
2004-03-30,40.9100,41.2000,40.7100,41.2000,448300
2004-03-29,40.6100,40.9800,40.4800,40.8800,540200
2004-03-26,40.4200,40.6800,40.4000,40.6000,542700
2004-03-25,40.3700,40.4700,40.2500,40.3700,615600
2004-03-24,40.4000,40.5200,40.2500,40.3500,475700
2004-03-23,40.5000,40.8300,40.3800,40.4100,685200
2004-03-22,40.9400,41.1000,40.3100,40.4800,539800
2004-03-19,41.1500,41.2300,40.8700,40.8900,590500
2004-03-18,41.5500,41.7250,41.0000,41.1500,1771900
2004-03-17,41.8000,42.1600,41.8000,41.9400,810600
2004-03-16,41.5400,41.9200,41.5000,41.7300,1266800
2004-03-15,41.4800,41.5800,41.2200,41.5000,758800
2004-03-12,41.1100,41.6300,41.0600,41.3800,821000
2004-03-11,41.6000,41.7800,41.1000,41.1100,689600
2004-03-10,41.8000,42.2900,41.5800,41.6000,1022400
2004-03-09,41.7400,41.8300,41.5200,41.7000,664700
2004-03-08,41.6500,42.0300,41.6000,41.7500,1313900
2004-03-05,40.6500,41.8000,40.5800,41.7500,1126700
2004-03-04,40.3800,40.8100,40.3800,40.6500,719600
2004-03-03,40.2500,40.5300,40.1500,40.2700,1152200
2004-03-02,40.4500,40.7400,40.2500,40.2500,888400
2004-03-01,40.7000,40.7400,40.2500,40.4300,716100
2004-02-27,39.9500,40.5100,39.9300,40.4600,1583800
2004-02-26,39.9000,40.1000,39.8500,39.9500,629200
2004-02-25,39.6500,40.0200,39.6000,39.9500,665700
2004-02-24,39.6500,39.7800,39.5000,39.6500,502000
2004-02-23,39.7000,39.9900,39.6900,39.7600,494700
2004-02-20,40.2000,40.3000,39.6500,39.7500,1350800
2004-02-19,40.0000,40.7800,39.7600,39.9000,1241600
2004-02-18,39.3900,39.9300,39.3500,39.8800,778700
2004-02-17,39.3300,39.5200,39.2500,39.4100,469600
2004-02-13,39.3300,39.6300,39.1500,39.1900,532100
2004-02-12,39.7900,39.8300,39.3600,39.4000,743900
2004-02-11,39.6700,40.0100,39.4100,39.8000,796800
2004-02-10,39.6300,39.9800,39.4800,39.8100,825800
2004-02-09,39.2000,39.6200,39.2000,39.6000,747100
2004-02-06,38.0500,39.1400,38.0300,39.1000,1495700
2004-02-05,38.2200,38.3900,37.9200,38.0700,1101000
2004-02-04,38.5600,38.7400,38.2300,38.3500,692200
2004-02-03,38.7500,39.0500,38.5200,38.9300,1001200
2004-02-02,39.1000,39.1900,38.9000,38.9100,877100
2004-01-30,39.0600,39.3700,38.9500,39.1000,814200
2004-01-29,39.2100,39.4700,39.1400,39.2400,1367500
2004-01-28,38.6500,39.3700,38.6500,39.2400,1698700
2004-01-27,38.7300,38.9000,38.7000,38.7100,586100
2004-01-26,39.1800,39.2800,38.6800,38.7300,643800
2004-01-23,39.7300,39.7500,39.1400,39.1800,671400
2004-01-22,39.5500,39.9900,39.5500,39.7200,780700
2004-01-21,38.8000,39.6900,38.7500,39.4500,956800
2004-01-20,38.3900,38.6300,38.2800,38.6100,674300
2004-01-16,38.6300,38.6800,38.2700,38.2700,872100
2004-01-15,38.8600,38.9500,38.6400,38.6800,836200
2004-01-14,38.7000,39.0400,38.5600,38.9600,630400
2004-01-13,38.4400,38.6000,38.3000,38.5400,593500
2004-01-12,38.6000,38.6100,38.3200,38.3300,656800
2004-01-09,38.9300,38.9300,38.6100,38.7000,419900
2004-01-08,38.7200,39.0000,38.6900,38.9300,475400
2004-01-07,38.9100,39.0550,38.6500,38.9500,613600
2004-01-06,39.2000,39.2800,38.9400,39.1100,449800
2004-01-05,39.7000,39.7300,38.9700,39.2800,705100
2004-01-02,39.4000,39.7500,39.4000,39.4900,668400
2003-12-31,39.6200,39.7600,39.3300,39.4000,594800
2003-12-30,39.5100,39.7500,39.5100,39.7000,876500
2003-12-29,38.8500,39.5900,38.8350,39.5100,1246600
2003-12-26,38.7500,38.9500,38.7000,38.8600,232400
2003-12-24,38.8000,38.8800,38.6600,38.7500,272600
2003-12-23,38.6000,38.9200,38.6000,38.9200,938500
2003-12-22,38.3500,38.5000,38.2000,38.5000,948000
2003-12-19,38.5800,38.6000,38.1000,38.4100,1224800
2003-12-18,38.6000,38.6000,38.1600,38.5200,1067000
2003-12-17,39.0000,39.0000,38.6200,38.9300,929100
2003-12-16,39.1000,39.2600,38.8900,38.9900,1094000
2003-12-15,39.1500,39.5100,39.0000,39.0700,1888200
2003-12-12,37.9300,38.8900,37.7500,38.7900,2979000
2003-12-11,37.9000,38.0300,37.6300,37.9800,633600
2003-12-10,37.5500,37.9700,37.5500,37.7500,493100
2003-12-09,37.9500,37.9500,37.5200,37.5400,679600
2003-12-08,37.3900,38.0000,37.3900,37.9500,593000
2003-12-05,37.4500,37.6390,37.3400,37.4700,508100
2003-12-04,37.4500,37.5400,37.2400,37.4500,508800
2003-12-03,37.6500,37.8900,37.3900,37.4000,424600
2003-12-02,37.8000,37.8200,37.5200,37.5700,538700
2003-12-01,37.7100,37.9000,37.5300,37.7800,543900
2003-11-28,37.5000,37.7100,37.4200,37.7100,228400
2003-11-26,37.4000,37.6500,37.4000,37.5000,633600
2003-11-25,36.8700,37.3800,36.8000,37.3500,744900
2003-11-24,36.3600,36.8000,36.3000,36.7600,778800
2003-11-21,36.1000,36.4100,35.9000,36.3600,542100
2003-11-20,36.3500,36.6900,36.1100,36.1100,619900
2003-11-19,36.2900,36.7500,36.2500,36.6800,900700
2003-11-18,36.6000,36.8900,36.3600,36.3800,1299800
2003-11-17,36.3200,36.6000,36.2500,36.3900,1734300
2003-11-14,35.9800,36.4600,35.9800,36.2700,670400
2003-11-13,35.7000,36.1900,35.7000,36.1700,597100
2003-11-12,35.6600,36.0000,35.5900,35.8400,702400
2003-11-11,35.4500,35.9000,35.4500,35.6600,410800
2003-11-10,35.5000,35.7000,35.2100,35.5900,604000
2003-11-07,35.8500,35.9800,35.1200,35.4500,1379300
2003-11-06,35.7500,35.9200,35.5500,35.6900,625200
2003-11-05,36.0000,36.1900,35.6000,35.8500,636500
2003-11-04,36.8500,36.8600,36.0500,36.0600,1017400
2003-11-03,36.8100,37.1600,36.7500,36.9500,565900
2003-10-31,36.9500,37.2000,36.8000,36.8800,815000
2003-10-30,37.3300,37.3400,36.7100,36.7900,1265400
2003-10-29,36.7100,37.4700,36.6500,37.2800,1171900
2003-10-28,36.4300,36.9600,36.4300,36.9600,837200
2003-10-27,36.6200,36.7600,36.4600,36.5000,612700
2003-10-24,36.3700,36.7300,36.3700,36.7000,476500
2003-10-23,36.6500,36.7400,36.1200,36.7300,500700
2003-10-22,36.6500,37.0500,36.1300,36.7400,1621000
2003-10-21,36.1200,36.1400,35.7400,35.8100,556600
2003-10-20,35.7200,36.3100,35.6200,36.3100,752600
2003-10-17,35.7000,35.8200,35.4700,35.7900,690700
2003-10-16,35.7500,35.8300,35.5100,35.6800,628100
2003-10-15,36.7000,36.7000,35.4600,35.6000,801200
2003-10-14,35.9200,36.0900,35.7300,36.0900,766800
2003-10-13,35.9000,36.1000,35.6900,35.8300,417900
2003-10-10,36.2500,36.2500,35.8100,35.8200,512900
2003-10-09,36.5200,36.7000,36.1800,36.2500,625000
2003-10-08,36.7900,36.8800,36.2600,36.4000,678800
2003-10-07,37.2700,37.3100,36.6500,36.7900,1084100
2003-10-06,37.6500,37.7300,37.3500,37.5000,543500
2003-10-03,37.9400,38.1900,37.6500,37.7000,1031500
2003-10-02,37.2500,37.8000,37.0100,37.7700,764000
2003-10-01,36.8900,37.3600,36.7600,37.2500,950400
2003-09-30,37.5500,37.5500,36.8800,36.8900,1145500
2003-09-29,37.0000,37.6600,37.0000,37.5500,1142000
2003-09-26,36.2000,37.3600,36.2000,36.9400,1791000
2003-09-25,35.8500,36.2600,35.7600,36.2000,942700
2003-09-24,35.5500,36.4200,35.5500,35.8500,1419500
2003-09-23,35.5700,35.6900,35.4900,35.5000,546000
2003-09-22,35.7300,35.8100,35.3800,35.4100,773000
2003-09-19,35.4000,35.9900,35.3800,35.9500,749100
2003-09-18,35.6600,35.7800,35.4700,35.5900,1149000
2003-09-17,36.3000,36.3400,35.8800,36.0800,1640000
2003-09-16,37.0100,37.0500,36.7600,36.9000,579300
2003-09-15,37.1300,37.2500,36.8000,36.9300,774100
2003-09-12,36.9500,37.2100,36.7500,37.2000,579600
2003-09-11,37.0500,37.3400,36.7100,36.7700,826800
2003-09-10,36.3000,37.3000,36.2700,37.0500,1724800
2003-09-09,36.5600,36.8300,36.2000,36.2300,714800
2003-09-08,35.6500,36.5700,35.5200,36.5600,912900
2003-09-05,35.5000,35.5000,35.0700,35.4500,995300
2003-09-04,35.6700,35.9900,35.5900,35.6900,590800
2003-09-03,35.5000,35.8000,35.4600,35.6200,533300
2003-09-02,34.8600,35.3900,34.7600,35.3500,754900
2003-08-29,34.8500,34.9200,34.7300,34.9100,377000
2003-08-28,34.7500,34.8600,34.6700,34.8500,472800
2003-08-27,34.8400,34.9200,34.7500,34.7500,396300
2003-08-26,34.7600,34.9300,34.6700,34.8500,538300
2003-08-25,34.7700,35.0100,34.7600,34.7600,319300
2003-08-22,34.9500,35.1600,34.6200,34.6300,411300
2003-08-21,34.8000,35.1100,34.6700,34.9700,575300
2003-08-20,34.7500,34.9700,34.6500,34.7700,633800
2003-08-19,34.5000,34.7600,34.4800,34.6500,698400
2003-08-18,34.7200,35.0500,34.6000,34.7000,413900
2003-08-15,34.4700,34.8300,34.0000,34.7200,1072800
2003-08-14,34.7100,34.7200,34.5100,34.5500,541100
2003-08-13,35.1600,35.2000,34.6500,34.7200,692800
2003-08-12,35.0700,35.0800,34.5700,35.0700,729300
2003-08-11,35.4000,35.5700,34.8000,35.0700,697500
2003-08-08,35.2300,35.5400,35.0600,35.5200,575200
2003-08-07,34.8600,35.2400,34.8400,35.1900,444800
2003-08-06,34.4800,35.2000,34.2000,34.8000,538800
2003-08-05,34.7500,35.1000,34.5100,34.5400,617600
2003-08-04,35.1500,35.2900,34.6400,34.9700,694200
2003-08-01,35.0000,35.2500,34.9000,35.0300,1166000
2003-07-31,36.0100,36.2500,35.7100,35.7100,1500700
2003-07-30,36.4800,36.5400,35.8700,36.0100,738200
2003-07-29,36.8500,37.0200,36.2000,36.4800,772100
2003-07-28,37.2500,37.3000,36.6500,36.8500,922600
2003-07-25,37.3500,37.6500,37.1500,37.2500,544900
2003-07-24,37.4300,38.0100,37.2700,37.3500,696600
2003-07-23,37.6600,37.7900,37.1500,37.4300,459000
2003-07-22,36.9400,37.6100,36.9000,37.5400,851500
2003-07-21,37.5500,37.6800,36.7100,36.7900,564700
2003-07-18,37.4500,37.9400,37.3700,37.7000,980600
2003-07-17,36.5500,37.2700,36.3900,37.1400,826700
2003-07-16,37.2200,37.2200,36.3400,36.6100,798800
2003-07-15,37.6000,37.6000,36.9100,37.0200,859200
2003-07-14,37.5600,38.0000,37.3900,37.4000,613600
2003-07-11,37.6700,37.7900,37.0700,37.3400,931500
2003-07-10,38.2600,38.2600,37.3600,37.5000,949600
2003-07-09,38.4000,38.7300,38.1800,38.2100,522200
2003-07-08,38.5000,38.6000,38.2300,38.5000,725500
2003-07-07,38.8000,38.9800,38.4700,38.5500,653000
2003-07-03,38.5500,38.8900,38.4800,38.7400,440600
2003-07-02,38.4900,38.7900,38.3000,38.7400,707000
2003-07-01,38.6000,38.7500,38.1500,38.2700,1375800
2003-06-30,39.0100,39.1000,38.5400,38.6400,914700
2003-06-27,39.7500,39.7500,39.0100,39.0100,743200
2003-06-26,39.5900,39.9800,39.4000,39.8000,694900
2003-06-25,39.4500,40.0200,39.3900,39.5000,735400
2003-06-24,39.5500,39.7600,39.0300,39.3000,988700
2003-06-23,40.0000,40.0000,39.4500,39.8600,745900
2003-06-20,40.1800,40.2000,39.9680,40.0800,1036700
2003-06-19,40.3500,40.6100,40.0200,40.0200,1031900
2003-06-18,40.4500,40.8000,40.4200,40.7000,2016200
2003-06-17,40.8800,40.8800,40.4400,40.4800,1381300
2003-06-16,40.9600,41.2400,40.7500,40.8700,1132800
2003-06-13,41.5500,41.6800,40.9600,41.0000,716400
2003-06-12,41.0000,41.7300,40.3000,41.7100,1703400
2003-06-11,42.5100,42.5100,40.0000,41.1300,3370700
2003-06-10,42.6310,42.8500,42.4300,42.5000,709700
2003-06-09,42.6100,42.8300,42.2500,42.6300,826100
2003-06-06,43.6400,43.7300,42.9100,42.9600,1088200
2003-06-05,43.7500,43.8600,43.4700,43.6400,984800
2003-06-04,43.5700,44.4200,43.5600,44.1400,742700
2003-06-03,43.3300,43.8100,43.1300,43.5700,610800
2003-06-02,43.3300,43.6000,43.1500,43.3600,793300
2003-05-30,43.2500,43.7200,43.0300,43.3300,1024000
2003-05-29,44.2100,44.4400,42.9100,43.5000,1359600
2003-05-28,44.6200,44.7800,44.1200,44.2600,824600
2003-05-27,44.0500,44.9500,43.9100,44.8200,1393800
2003-05-23,42.6100,44.6300,42.5000,44.2000,1844400
2003-05-22,40.8900,42.7000,40.8300,42.6100,2173700
2003-05-21,40.5600,41.0000,40.4900,40.7400,922400
2003-05-20,39.9900,40.8500,39.9900,40.6100,822100
2003-05-19,40.7000,40.7400,39.9800,39.9800,484600
2003-05-16,40.4000,41.1000,40.2400,40.9300,805300
2003-05-15,39.8300,40.0000,39.3400,39.9600,667300
2003-05-14,39.6600,39.7700,39.5200,39.7300,736100
2003-05-13,39.5000,39.8200,39.4100,39.6800,677600
2003-05-12,39.4500,39.4900,39.0000,39.4000,667100
2003-05-09,39.2500,39.4900,39.0900,39.4800,741500
2003-05-08,38.8000,39.4400,38.8000,39.1500,792100
2003-05-07,39.0300,39.4200,38.8000,39.0000,1149100
2003-05-06,39.0800,39.4500,38.9200,39.1300,633900
2003-05-05,38.7700,39.1300,38.5200,39.0800,1034600
2003-05-02,39.6900,39.8800,38.5600,38.7600,1913000
2003-05-01,40.3200,40.3600,39.5000,39.5800,644600
2003-04-30,40.6800,40.7500,40.2600,40.3200,735800
2003-04-29,40.7500,40.8200,40.4600,40.6800,729100
2003-04-28,40.1700,40.8900,40.1700,40.7100,545000
2003-04-25,40.2900,40.4000,39.7600,40.1700,571700
2003-04-24,39.7000,40.5900,39.6300,40.2200,710600
2003-04-23,39.1800,39.8900,39.0700,39.7500,558200
2003-04-22,39.0000,39.3200,38.8000,39.2300,570400
2003-04-21,39.2900,39.3500,39.0000,39.0000,476100
2003-04-17,39.1000,39.2800,39.0400,39.2300,356700
2003-04-16,39.6500,39.8500,39.0600,39.2000,494100
2003-04-15,38.8300,39.4300,38.7100,39.4200,786900
2003-04-14,38.8300,39.0800,38.6800,38.8000,736700
2003-04-11,39.5100,39.6000,38.7500,38.7500,1006500
2003-04-10,39.8900,40.0000,39.1600,39.5100,714300
2003-04-09,39.6400,39.8900,39.4500,39.6400,1035300
2003-04-08,39.5300,39.7500,39.1500,39.3900,552400
2003-04-07,40.4700,40.5300,39.2200,39.4300,772900
2003-04-04,39.3000,39.8100,39.1200,39.6700,503000
2003-04-03,38.9900,39.3400,38.9200,39.0200,751900
2003-04-02,39.2000,39.4700,38.9600,38.9900,575500
2003-04-01,38.8000,39.0700,38.5900,39.0400,465800
2003-03-31,38.7000,39.0400,38.5100,38.6500,533300
2003-03-28,39.0000,39.1500,38.7900,38.8700,422500
2003-03-27,39.0800,39.1800,38.6700,39.0800,665200
2003-03-26,39.0800,39.4200,38.9300,39.1800,611100
2003-03-25,39.0800,39.3000,38.8300,39.0300,912600
2003-03-24,39.8700,39.8700,38.9300,39.0000,891400
2003-03-21,39.3100,39.8700,39.1200,39.8700,1301500
2003-03-20,39.5000,39.9700,38.6600,39.0600,3052600
2003-03-19,41.1000,41.1000,40.6100,40.9100,1901700
2003-03-18,41.8500,42.1000,41.5800,41.9500,1169600
2003-03-17,41.3000,41.9700,41.2800,41.9100,861600
2003-03-14,41.4300,41.6000,41.1100,41.4000,791800
2003-03-13,41.2000,41.3500,40.7700,41.3500,702600
2003-03-12,41.1300,41.4000,40.4500,40.9500,944100
2003-03-11,41.4300,41.8100,41.0500,41.1300,791800
2003-03-10,41.8000,41.8000,41.1800,41.3500,918000
2003-03-07,41.3900,41.8000,41.1100,41.7500,1023300
2003-03-06,41.3500,41.4500,40.7500,41.3800,882700
2003-03-05,41.1200,41.5000,41.0000,41.5000,560900
2003-03-04,41.7100,41.8000,41.3300,41.3900,393600
2003-03-03,41.6900,41.9000,41.3800,41.7100,549100
2003-02-28,41.5000,41.6000,41.2700,41.4400,587000
2003-02-27,41.3800,41.7500,41.1700,41.3500,693700
2003-02-26,42.1400,42.1400,41.0700,41.2500,748200
2003-02-25,41.6000,42.3500,41.2300,42.1400,999000
2003-02-24,42.1000,42.2000,41.6100,41.6100,506200
2003-02-21,42.2000,42.7500,41.9600,41.9600,559200
2003-02-20,41.9500,42.6100,41.8500,41.9800,806000
2003-02-19,42.2500,42.2800,41.8700,42.1100,1107200
2003-02-18,41.3900,41.8100,41.1700,41.7300,494400
2003-02-14,40.5100,41.1900,40.4600,41.1900,929000
2003-02-13,39.6700,40.7700,39.2600,40.4600,997100
2003-02-12,40.6500,40.8300,39.5600,39.8700,1223800
2003-02-11,41.7100,41.8000,40.5200,40.5200,774900
2003-02-10,41.7800,41.9000,41.4000,41.7600,665300
2003-02-07,42.4100,42.4100,41.3500,41.4000,914000
2003-02-06,41.8200,42.3000,41.8100,41.9500,595300
2003-02-05,42.0100,42.3900,41.8100,41.8100,720900
2003-02-04,42.0600,42.2700,41.8000,42.0000,630100
2003-02-03,42.0600,42.5800,42.0200,42.5000,911500
2003-01-31,42.0000,42.2800,41.7900,41.9200,1305800
2003-01-30,42.9200,42.9200,42.1000,42.1000,741400
2003-01-29,42.6000,43.2800,42.5800,43.0400,671200
2003-01-28,42.6000,43.2800,42.5800,43.0400,903500
2003-01-27,43.3800,43.7300,42.2000,42.2200,1044200
2003-01-24,45.1100,45.1100,44.0300,44.0300,573900
2003-01-23,45.0000,45.4700,44.9600,45.1000,496800
2003-01-22,44.6000,45.3300,44.2400,44.9000,572700
2003-01-21,45.5000,45.8500,44.7900,44.8000,357200
2003-01-17,45.6500,45.7300,45.0900,45.4300,517300
2003-01-16,46.1000,46.3600,45.5300,45.5700,798200
2003-01-15,46.4000,47.0000,46.0000,46.1000,700300
2003-01-14,46.0000,46.3900,45.4000,46.3900,748700
2003-01-13,46.2300,46.2300,45.4700,45.5400,1184100
2003-01-10,46.2200,46.4200,45.7500,46.2300,1176700
2003-01-09,47.8500,47.8500,46.7000,46.8100,1310400
2003-01-08,47.7000,48.2000,47.5000,48.1600,819000
2003-01-07,49.2900,49.5000,47.7000,47.9300,1303000
2003-01-06,47.8800,49.5000,47.7500,49.2800,1786300
2003-01-03,46.9900,47.5000,46.6500,46.9700,923500
2003-01-02,46.5000,46.9800,46.2900,46.9800,366400
2002-12-31,46.3100,46.6000,46.0500,46.4000,517800
2002-12-30,45.4000,46.6500,45.3000,46.5600,771900
2002-12-27,45.9500,46.1400,45.2500,45.3700,340400
2002-12-26,45.9000,46.3100,45.8300,45.9500,337600
2002-12-24,45.5500,46.0600,45.5500,45.8100,152200
2002-12-23,46.3500,46.6300,45.7500,45.8000,555400
2002-12-20,46.2500,46.7000,46.0800,46.5200,707000
2002-12-19,46.0000,46.1500,45.6800,45.7400,889200
2002-12-18,46.1500,46.6900,46.1500,46.3400,562600
2002-12-17,46.2000,46.5000,46.1300,46.3300,507000
2002-12-16,45.5500,46.2000,45.5000,46.2000,883200
2002-12-13,44.7000,45.6800,44.7000,45.4300,691000
2002-12-12,44.7900,45.0200,44.4000,44.8700,453300
2002-12-11,44.4400,44.8000,44.0100,44.5900,454200
2002-12-10,44.2800,44.4900,43.9000,44.4400,516900
2002-12-09,43.3000,44.4000,43.3000,44.1300,668600
2002-12-06,43.0400,43.5000,43.0100,43.4500,1046800
2002-12-05,44.4000,44.6200,43.5000,43.7200,594300
2002-12-04,44.4500,45.1000,44.0000,44.0000,732100
2002-12-03,43.9500,44.8000,43.9400,44.3500,538800
2002-12-02,44.5300,44.5400,43.6900,43.9500,464100
2002-11-29,44.5600,44.6300,44.2000,44.3300,277200
2002-11-27,44.6900,45.0000,44.5200,44.7600,351300
2002-11-26,45.7300,45.7300,44.5700,44.6200,571500
2002-11-25,45.2800,46.0500,44.9300,45.7200,636400
2002-11-22,43.9500,45.6000,43.8000,45.4300,623900
2002-11-21,44.2000,44.5200,43.6500,43.9400,679200
2002-11-20,44.2000,44.4800,43.7300,44.2000,912100
2002-11-19,44.2800,44.5400,43.8800,44.1500,705800
2002-11-18,45.2400,45.5200,44.2100,44.2700,751400
2002-11-15,44.5700,45.2400,44.5700,45.2400,570800
2002-11-14,44.2500,44.8200,44.2500,44.5700,511100
2002-11-13,43.4200,44.1200,43.4200,43.8400,805600
2002-11-12,44.1800,44.5500,43.0300,43.4100,1145400
2002-11-11,43.8400,44.2500,43.2700,44.1000,500100
2002-11-08,45.0700,45.1500,43.8300,43.8300,772200
2002-11-07,46.4100,46.4100,44.3500,45.0600,1038500
2002-11-06,46.4000,46.9000,46.1800,46.6400,965900
2002-11-05,46.5700,46.5700,46.0300,46.3700,698700
2002-11-04,46.7000,46.7000,45.7500,46.3700,1036700
2002-11-01,45.1500,45.3600,44.9100,45.2000,673200
2002-10-31,46.0000,46.0000,44.8100,45.0900,734200
2002-10-30,44.8000,45.5200,44.4900,45.5200,727600
2002-10-29,45.2700,45.6400,44.0600,44.6600,748100
2002-10-28,44.3700,45.5000,44.3700,45.2600,840900
2002-10-25,43.6800,44.3000,43.2900,44.1500,488500
2002-10-24,43.2700,44.4600,42.7600,43.6700,795100
2002-10-23,41.8000,43.4000,41.8000,43.1800,677200
2002-10-22,42.4000,43.5300,41.5300,41.9200,746000
2002-10-21,41.5300,43.0900,41.3400,42.9600,990900
2002-10-18,41.4500,41.9800,40.4000,41.5200,644300
2002-10-17,40.7500,41.6600,40.2500,41.6500,612500
2002-10-16,42.3500,42.4400,40.2000,40.2000,1229600
2002-10-15,42.7000,43.3500,42.1100,42.4800,1067100
2002-10-14,41.6600,42.1000,40.0000,42.0700,784300
2002-10-11,41.9500,42.5000,40.8100,41.6500,858700
2002-10-10,39.2000,42.3400,38.2000,41.9400,1136400
2002-10-09,41.9800,41.9800,38.9700,39.0000,1513900
2002-10-08,41.6900,42.8800,39.6500,41.9700,1644700
2002-10-07,41.3500,42.4200,41.0700,41.6900,689000
2002-10-04,42.2300,42.2300,40.4600,40.8900,1145800
2002-10-03,41.8000,42.6000,41.8000,42.2200,1147500
2002-10-02,41.8000,42.5000,41.4500,41.7900,690600
2002-10-01,41.0500,41.9900,40.4500,41.8500,895900
2002-09-30,39.9000,40.9600,39.3200,40.7000,743000
2002-09-27,40.6800,41.2000,39.9000,40.0200,498200
2002-09-26,39.9500,41.0900,39.8500,40.9300,520000
2002-09-25,38.8900,40.1200,38.6800,39.7500,770400
2002-09-24,39.9600,39.9700,38.4500,38.8400,1201500
2002-09-23,39.9500,40.6100,39.8700,40.5400,953300
2002-09-20,41.0500,41.0500,39.6500,40.4800,1045800
2002-09-19,41.3000,41.5600,40.6900,41.0400,642100
2002-09-18,40.1100,42.0100,40.0300,41.4000,1045400
2002-09-17,41.8000,41.9200,40.5800,40.5900,717600
2002-09-16,41.3000,41.5000,40.7500,41.5000,623300
2002-09-13,41.0000,41.9000,40.8100,41.7300,790900
2002-09-12,41.6100,41.6100,40.9000,41.0000,744500
2002-09-11,40.7700,41.7600,40.7700,41.6100,476900
2002-09-10,42.0400,42.0400,40.6000,40.8500,674300
2002-09-09,42.4000,42.4900,41.4600,42.0700,563800
2002-09-06,42.4900,42.7000,41.7500,42.6200,633200
2002-09-05,41.8500,42.2100,41.5500,41.7500,497800
2002-09-04,41.9300,42.1000,40.9300,42.0200,527100
2002-09-03,42.4200,42.5500,41.2900,41.9300,607500
2002-08-30,42.7200,43.2400,42.2000,42.9100,439100
2002-08-29,42.7000,42.8600,42.1900,42.7200,347400
2002-08-28,43.1000,43.2700,42.4500,42.9800,431400
2002-08-27,44.2800,44.3600,43.4000,43.4000,395800
2002-08-26,43.6000,44.1900,43.6000,44.0800,401600
2002-08-23,44.0900,44.2400,43.3500,43.4800,265400
2002-08-22,43.8500,44.4500,43.4700,44.3300,384000
2002-08-21,42.4500,43.8800,42.2600,43.8500,563100
2002-08-20,42.5400,42.7800,41.7000,42.3100,638300
2002-08-19,41.8400,42.5400,41.5500,42.5400,285800
2002-08-16,42.3000,42.3500,41.5800,41.8400,412900
2002-08-15,42.5300,43.2200,42.2400,42.4500,422300
2002-08-14,41.3700,42.5500,41.1500,42.5300,468500
2002-08-13,42.0500,42.3500,41.3500,41.3700,683500
2002-08-12,41.6000,42.5000,41.5000,42.0500,870300
2002-08-09,42.6200,42.8400,41.9300,42.0100,580400
2002-08-08,42.2400,42.6500,41.3400,42.6200,494400
2002-08-07,41.8900,42.2400,41.3600,42.2400,560300
2002-08-06,41.1400,42.2300,41.1400,41.7500,773100
2002-08-05,40.6000,41.5500,40.4000,40.7800,920300
2002-08-02,40.2800,40.9300,39.6600,40.2700,574500
2002-08-01,40.9600,41.5000,39.8000,40.2800,651100
2002-07-31,40.0800,41.2000,38.8100,40.9600,855100
2002-07-30,38.4300,40.2000,38.2200,40.0800,921000
2002-07-29,37.4000,38.4600,37.3000,38.4200,611700
2002-07-26,37.9200,38.3100,36.7600,37.4200,588600
2002-07-25,36.7000,38.2000,36.1000,38.0100,1417300
2002-07-24,33.5000,36.9100,33.0500,36.8000,1291600
2002-07-23,36.1100,36.5500,33.6000,34.1000,1332000
2002-07-22,36.4000,36.9000,35.1200,36.1000,1002200
2002-07-19,36.2600,37.4700,35.2300,35.9600,842200
2002-07-18,38.9000,38.9000,37.4700,37.4700,566700
2002-07-17,40.0000,40.0500,38.6000,38.8200,781100
2002-07-16,40.1000,40.2900,38.8900,39.2600,1077800
2002-07-15,38.9800,40.5100,36.3000,40.3500,1404900
2002-07-12,40.7400,40.7400,38.8100,39.2600,667600
2002-07-11,39.5400,40.7200,39.1900,40.6500,835000
2002-07-10,41.0200,41.0200,39.3000,39.5800,946300
2002-07-09,42.5000,42.8000,40.7300,40.9500,725300
2002-07-08,42.9000,43.0000,42.3500,42.6400,305400
2002-07-05,42.7500,43.0000,42.2500,42.9500,267700
2002-07-03,43.0000,43.2500,42.3000,42.7000,550900
2002-07-02,43.4000,43.6000,42.8400,42.9500,892300
2002-07-01,44.3500,44.5600,43.8500,43.9800,663500
2002-06-28,43.0000,44.6400,43.0000,44.6400,753600
2002-06-27,43.4500,43.8000,42.9000,43.5500,677800
2002-06-26,43.2500,43.7000,42.8100,43.2500,1384300
2002-06-25,44.4000,44.6500,43.8500,43.9500,1298900
2002-06-24,44.7500,44.9400,44.3200,44.5200,1050500
2002-06-21,44.0000,45.1000,44.0000,45.1000,1659300
2002-06-20,43.8000,44.4700,43.7800,44.1500,3404200
2002-06-19,43.1500,43.6500,42.6500,43.6500,2158800
2002-06-18,42.9800,43.7200,42.8500,43.3300,1132900
2002-06-17,43.5100,43.6200,42.7000,42.8000,1520400
2002-06-14,43.9500,44.1800,43.3800,43.5000,1462100
2002-06-13,45.4100,46.6000,45.3500,45.8700,553200
2002-06-12,44.8500,45.9000,44.8500,45.5800,546800
2002-06-11,44.6000,45.9200,44.6000,45.0800,927900
2002-06-10,44.2500,44.7100,44.0500,44.4900,286900
2002-06-07,44.0800,44.4100,43.9000,44.2500,521200
2002-06-06,45.1600,45.2900,44.0700,44.0800,557100
2002-06-05,46.2100,46.2100,45.1000,45.1500,539200
2002-06-04,45.7100,46.4900,45.7100,46.2000,413200
2002-06-03,46.8000,46.8500,45.7800,45.9100,453500
2002-05-31,46.9000,47.2000,46.6100,46.8000,444000
2002-05-30,46.5000,47.0000,46.4400,46.9000,644400
2002-05-29,46.5500,46.6700,45.9600,46.5000,433900
2002-05-28,46.7100,46.9600,46.4000,46.7300,402600
2002-05-24,47.2500,47.2800,46.2000,46.9100,524200
2002-05-23,47.3000,47.6000,46.9100,47.2500,798400
2002-05-22,46.6500,47.7000,46.6500,47.6800,548100
2002-05-21,46.1700,47.0400,45.9500,46.7000,486900
2002-05-20,45.2700,46.2100,45.2400,46.1700,532500
2002-05-17,45.3000,45.7000,44.2300,45.2700,797300
2002-05-16,45.1200,45.9000,45.1200,45.3000,1643900
2002-05-15,45.1500,45.2500,44.9500,45.1200,915200
2002-05-14,44.7300,45.4000,44.2100,45.3800,645800
2002-05-13,44.2700,44.5600,44.0600,44.5300,1317700
2002-05-10,45.2500,45.5000,44.3200,44.4500,877500
2002-05-09,45.0000,45.0900,44.5500,44.7100,691700
2002-05-08,45.1300,45.2600,44.5700,45.0000,1023400
2002-05-07,45.4000,45.4000,44.8300,45.0100,262600
2002-05-06,45.8700,45.8700,45.4300,45.4400,210200
2002-05-03,45.9800,46.1500,45.3900,45.8700,300200
2002-05-02,45.4800,46.0000,44.9300,45.9700,422700
2002-05-01,45.1400,45.5500,45.0500,45.3700,403200
2002-04-30,45.1600,45.6800,45.0000,45.3400,657100
2002-04-29,45.2400,45.6100,44.8300,44.9600,590000
2002-04-26,45.7400,45.9500,44.7500,45.2600,596500
2002-04-25,46.8500,46.8600,45.5900,45.6600,676900
2002-04-24,46.7000,47.4000,46.4000,47.0600,751700
2002-04-23,45.7000,46.9000,45.6500,46.4800,364300
2002-04-22,45.8800,46.1900,45.6100,45.8000,283200
2002-04-19,45.7500,46.0800,45.5000,46.0800,268100
2002-04-18,45.6000,45.8900,45.3800,45.8600,322700
2002-04-17,45.2700,45.6900,45.2000,45.5800,299700
2002-04-16,44.7500,45.3000,44.6700,45.2800,580300
2002-04-15,44.5000,44.5300,44.2500,44.3600,469100
2002-04-12,44.5500,44.8000,44.2800,44.7800,257900
2002-04-11,45.1100,45.4000,44.5200,44.5300,276600
2002-04-10,44.4000,45.1200,44.4000,45.1100,438100
2002-04-09,44.8400,44.8400,44.4900,44.5200,312500
2002-04-08,44.5000,45.1000,44.5000,44.9400,329300
2002-04-05,45.2000,45.5000,44.8500,44.9700,226600
2002-04-04,45.5000,45.9700,44.7000,45.3400,457900
2002-04-03,45.4500,45.7300,45.2200,45.6000,319100
2002-04-02,45.3900,45.6500,45.1400,45.5600,358200
2002-04-01,45.6300,45.6300,45.1000,45.3900,340300
2002-03-28,45.0000,45.7500,45.0000,45.5000,384700
2002-03-27,45.1500,45.1500,44.4400,45.1100,330700
2002-03-26,44.4900,44.8200,44.2700,44.7600,353700
2002-03-25,44.3300,44.9400,43.8300,44.4600,380000
2002-03-22,44.6000,44.9400,44.2800,44.5300,325800
2002-03-21,44.7000,44.7000,43.6200,44.6400,896400
2002-03-20,44.1500,44.4000,43.7000,44.1000,418700
2002-03-19,43.8000,44.2800,43.7600,44.1300,665900
2002-03-18,43.1400,43.6400,42.8000,43.5300,424500
2002-03-15,43.4200,43.6600,43.3700,43.5800,624800
2002-03-14,43.8200,43.8200,43.2500,43.4200,292800
2002-03-13,43.5500,43.8500,43.3400,43.4900,315700
2002-03-12,44.1500,44.1500,43.5100,43.7900,340100
2002-03-11,43.9800,44.3000,43.6800,44.1300,307100
2002-03-08,44.1500,44.3100,43.6300,44.0800,312600
2002-03-07,43.8600,44.1500,43.6000,44.1000,389100
2002-03-06,43.3900,43.8800,42.9000,43.8600,451000
2002-03-05,42.5500,43.4000,42.5100,43.3900,393600
2002-03-04,42.1900,42.7700,42.1900,42.7300,290400
2002-03-01,41.4200,42.2500,41.4200,42.1900,305200
2002-02-28,41.5700,41.8000,41.4200,41.4200,257600
2002-02-27,41.3900,41.9000,41.2800,41.5700,299600
2002-02-26,40.9500,41.5100,40.9500,41.4300,285200
2002-02-25,40.9500,41.3200,40.8100,41.0000,416300
2002-02-22,40.9500,41.3500,40.7300,41.1500,549600
2002-02-21,41.2300,41.6000,41.0100,41.0600,357700
2002-02-20,41.4100,41.4100,40.7900,41.2400,704700
2002-02-19,41.3000,41.5400,41.0800,41.2900,405300
2002-02-15,41.6600,41.6600,41.3600,41.4200,301500
2002-02-14,41.3500,41.6300,41.1300,41.5400,293100
2002-02-13,41.2500,41.5900,41.1000,41.3600,214900
2002-02-12,41.0800,41.6600,41.0700,41.3800,417500
2002-02-11,40.5000,41.1700,40.2600,41.0400,419800
2002-02-08,40.9700,41.3100,40.5500,40.8300,726400
2002-02-07,40.9000,41.1500,40.7200,41.0000,417100
2002-02-06,40.3800,40.7500,40.3600,40.5000,443400
2002-02-05,40.9500,41.0900,40.5400,40.6100,497900
2002-02-04,41.0600,41.3000,40.6700,41.0000,374600
2002-02-01,41.1000,41.1000,40.8000,41.0600,174800
2002-01-31,40.1800,41.0000,40.0000,41.0000,457300
2002-01-30,40.2000,40.4100,39.6500,40.3800,244900
2002-01-29,41.4200,41.4200,40.2900,40.3500,439100
2002-01-28,41.1300,41.1300,40.8900,41.0200,155900
2002-01-25,41.1000,41.2600,40.9600,41.1500,232500
2002-01-24,40.7500,41.5900,40.7500,41.1800,279000
2002-01-23,41.0800,41.0800,40.5000,40.9700,287100
2002-01-22,41.7200,41.7500,40.8700,40.9500,400400
2002-01-18,41.6000,41.9000,41.5000,41.7400,271700
2002-01-17,41.9800,42.1200,41.5000,41.6600,287400
2002-01-16,42.1500,42.5000,41.8400,41.9800,366700
2002-01-15,41.6000,42.1000,41.5200,42.0100,404500
2002-01-14,40.8200,41.6000,40.8200,41.4200,487000
2002-01-11,41.0600,41.5000,40.9700,41.0200,479600
2002-01-10,40.4000,41.1400,40.4000,41.0500,552000
2002-01-09,40.6300,41.1000,40.2800,40.8100,570500
2002-01-08,41.2200,41.2800,40.3900,40.6900,603700
2002-01-07,41.4800,41.6300,41.2600,41.4800,685100
2002-01-04,42.5300,42.5300,41.3500,41.7900,698800
2002-01-03,42.4500,42.4500,41.8100,42.1400,291900
2002-01-02,42.0400,42.5200,41.1200,42.3700,442400
2001-12-31,41.8500,42.2900,41.6500,41.9400,218100
2001-12-28,42.2000,42.2000,41.2000,41.9200,386700
2001-12-27,41.5000,41.9800,41.0100,41.9500,353300
2001-12-26,41.3700,41.8100,41.3600,41.4100,359900
2001-12-24,41.0800,41.5000,41.0600,41.3500,4422100
2001-12-21,41.4000,41.4900,41.1200,41.1300,1644200
2001-12-20,41.9900,41.9900,41.3600,41.7200,624200
2001-12-19,40.9500,42.0700,40.8500,41.9400,547900
2001-12-18,40.5900,41.0900,40.5900,41.0200,394700
2001-12-17,40.7600,40.8700,40.4400,40.5900,271700
2001-12-14,40.6200,40.9800,40.2500,40.7600,252500
2001-12-13,40.7400,41.2100,40.7000,40.8700,358100
2001-12-12,40.0700,40.8000,39.9000,40.7400,633000
2001-12-11,40.7000,40.8100,39.9200,40.0700,348700
2001-12-10,41.0100,41.1000,40.6000,40.6800,391600
2001-12-07,41.2100,41.2100,40.5000,41.0100,618800
2001-12-06,41.0000,41.0000,40.4100,40.6500,604100
2001-12-05,41.1800,41.4300,40.9500,41.1100,399400
2001-12-04,41.1500,41.3000,40.8000,41.1000,857600
2001-12-03,41.4800,41.4800,40.8100,41.3900,783200
2001-11-30,41.4000,41.6000,41.2400,41.3000,349400
2001-11-29,41.2800,41.7000,41.0600,41.4000,520700
2001-11-28,41.6000,41.6000,41.0900,41.2800,572800
2001-11-27,41.4700,41.9500,41.3000,41.5800,247300
2001-11-26,41.6500,41.8500,41.3300,41.4600,214100
2001-11-23,41.7500,41.7500,41.2500,41.6400,137700
2001-11-21,41.9600,41.9600,41.2500,41.4500,486800
2001-11-20,41.2500,42.1000,41.1900,41.9500,530300
2001-11-19,41.0800,41.1700,40.5500,41.1500,464300
2001-11-16,41.0400,41.4400,40.8200,41.0700,380100
2001-11-15,41.3500,41.5000,40.7600,41.0400,542700
2001-11-14,41.9500,41.9600,41.1400,41.3500,317400
2001-11-13,41.5400,41.9800,41.0000,41.9000,340900
2001-11-12,41.7500,41.8400,41.2000,41.5400,284200
2001-11-09,42.2000,42.3500,41.5500,41.9800,249900
2001-11-08,41.6900,42.6000,41.6900,42.0000,374300
2001-11-07,41.8200,41.8200,41.2000,41.5900,561200
2001-11-06,41.2700,41.9000,41.0600,41.6300,478700
2001-11-05,40.7000,41.7000,40.6600,41.5200,420700
2001-11-02,40.9500,40.9500,40.2000,40.6000,1312100
2001-11-01,41.4500,41.7900,40.8100,41.0000,639100
2001-10-31,41.2100,41.9700,41.1000,41.6900,567200
2001-10-30,41.7000,41.7000,41.1700,41.4600,356300
2001-10-29,41.3500,42.1000,40.5000,41.8600,493100
2001-10-26,42.0000,42.0500,41.5300,41.7800,303800
2001-10-25,41.8000,42.5500,41.8000,42.1700,326400
2001-10-24,42.3500,42.3500,41.5300,42.0300,472400
2001-10-23,42.4700,42.4700,41.8900,42.1700,488200
2001-10-22,43.0000,43.0800,42.2500,42.4700,401400
2001-10-19,42.3000,43.5800,42.3000,43.2500,189600
2001-10-18,43.3300,43.5000,42.4600,42.5200,433200
2001-10-17,43.7500,43.9900,43.5000,43.5800,264100
2001-10-16,43.0600,43.8000,43.0600,43.7500,365200
2001-10-15,43.3500,43.5600,42.8300,43.0500,400800
2001-10-12,43.2300,43.6500,42.9100,43.5200,268100
2001-10-11,43.6600,43.9800,43.4200,43.4300,444400
2001-10-10,43.7000,43.7700,43.1000,43.7600,289400
2001-10-09,44.4900,44.4900,43.5000,43.7200,257900
2001-10-08,44.6400,44.6400,44.0500,44.3700,395600
2001-10-05,45.0000,45.0000,44.5000,44.9900,385600
2001-10-04,44.9900,44.9900,44.0800,44.8000,419700
2001-10-03,44.8700,44.8700,44.0000,44.8500,565000
2001-10-02,43.1300,44.1000,43.0000,44.1000,430600
2001-10-01,42.9000,43.3600,42.6000,43.1800,381800
2001-09-28,41.7500,43.0500,41.7000,43.0500,541000
2001-09-27,41.6500,42.5000,41.3500,41.9200,492100
2001-09-26,42.3000,42.3000,41.4100,41.9000,794200
2001-09-25,42.3500,42.4500,41.7400,42.1600,579400
2001-09-24,43.0000,43.0000,41.9200,42.1000,570600
2001-09-21,44.3500,44.3500,42.5100,42.8000,848200
2001-09-20,43.7600,43.7600,42.0500,43.2000,2915300
2001-09-19,43.9500,43.9500,43.1000,43.4000,995400
2001-09-18,43.2600,43.7700,42.8500,43.5900,313500
2001-09-17,43.1500,43.8100,43.0000,43.2600,625800
2001-09-10,43.9800,43.9800,43.4000,43.4000,350800
2001-09-07,43.5200,44.3000,43.3500,43.9800,387400
2001-09-06,43.4000,43.8900,43.0300,43.7700,333600
2001-09-05,43.4500,43.5800,43.2000,43.3500,361300
2001-09-04,43.0400,43.9200,43.0400,43.6100,203200
2001-08-31,43.4000,43.7300,43.0700,43.2900,186400
2001-08-30,44.0000,44.0000,43.3600,43.4000,230500
2001-08-29,43.6500,44.0500,43.3500,43.7200,293500
2001-08-28,43.9000,43.9500,43.5100,43.5200,539900
2001-08-27,44.0000,44.3700,43.9000,44.0100,339300
2001-08-24,43.6000,44.0800,43.5000,44.0000,175100
2001-08-23,43.6300,44.1800,43.4500,43.7700,353800
2001-08-22,42.9500,44.3000,42.9000,43.8800,763000
2001-08-21,42.5300,43.3000,42.5300,43.1900,392900
2001-08-20,42.4500,42.9100,42.4500,42.7800,228300
2001-08-17,42.6000,43.0000,42.3000,42.3500,307600
2001-08-16,42.2600,42.8500,42.0400,42.6400,446600
2001-08-15,42.3500,42.7500,42.0500,42.2600,471200
2001-08-14,42.4800,42.7100,42.0100,42.3100,333400
2001-08-13,42.6000,43.2500,42.1000,42.4100,325600
2001-08-10,42.6000,42.6600,41.6500,42.4300,466700
2001-08-09,42.0100,42.5500,41.9900,42.4200,355700
2001-08-08,43.2000,43.5100,42.1100,42.2600,433700
2001-08-07,43.4500,43.9300,43.1200,43.3900,650800
2001-08-06,44.1800,44.1800,43.0100,43.4000,481400
2001-08-03,43.8300,44.3000,43.2100,44.1800,607500
2001-08-02,43.3500,43.8300,42.8900,43.8300,488600
2001-08-01,42.4800,43.0700,42.1500,42.9900,572500
2001-07-31,42.6000,43.1300,41.8100,42.2500,297500
2001-07-30,42.5500,42.8000,41.5500,42.7500,354200
2001-07-27,42.7200,42.8500,41.3000,42.5000,531400
2001-07-26,42.7500,42.9000,41.9800,42.4700,1956700
2001-07-25,42.4500,42.9000,42.0000,42.7400,1283000
2001-07-24,42.7600,42.8500,42.1000,42.4500,1225200
2001-07-23,43.5500,43.6000,42.2500,42.5100,716000
2001-07-20,44.1000,44.2000,43.3000,43.5000,344600
2001-07-19,43.9500,44.1500,43.5000,43.9500,404600
2001-07-18,43.9000,44.1500,43.5000,43.8400,316200
2001-07-17,44.4500,44.6200,43.7000,43.9500,312500
2001-07-16,44.3800,44.6500,44.1600,44.4500,661200
2001-07-13,45.1500,45.1500,44.0500,44.3800,523400
2001-07-12,45.3000,45.4900,44.9500,45.1500,381800
2001-07-11,46.0000,46.4000,45.4000,45.7500,796000
2001-07-10,46.1000,46.3500,45.9000,46.2800,558200
2001-07-09,46.1000,46.8000,46.0000,46.2700,678600
2001-07-06,46.8000,46.8000,45.9500,46.1500,867600
2001-07-05,46.5000,46.9600,46.1100,46.6800,635800
2001-07-03,46.3500,46.6800,46.1500,46.5000,342800
2001-07-02,46.4400,47.0400,46.2100,46.5300,589800
2001-06-29,46.0500,46.6200,45.9000,46.4400,996000
2001-06-28,45.8700,46.6900,45.8000,46.0000,313600
2001-06-27,45.8500,46.4800,45.3500,46.1200,279500
2001-06-26,45.1500,46.0300,44.5200,45.9700,614500
2001-06-25,45.3700,45.3700,44.7200,45.0200,465600
2001-06-22,45.1500,45.8500,44.5800,45.3700,500200
2001-06-21,46.0800,46.2600,44.6300,45.1500,709200
2001-06-20,46.3700,47.1300,46.3700,46.6100,681200
2001-06-19,45.1500,46.3000,45.1500,46.3000,585000
2001-06-18,45.0000,46.3000,45.0000,45.4000,661300
2001-06-15,43.2000,45.3200,43.2000,45.1400,1645000
2001-06-14,44.5000,44.5000,43.7000,43.7200,869000
2001-06-13,45.6500,45.8000,44.5200,44.6700,862000
2001-06-12,44.9500,45.6400,44.8500,45.5700,1088400
2001-06-11,43.9800,44.8600,43.9100,44.8000,1139300
2001-06-08,43.7500,44.0000,43.5400,43.9000,1690600
2001-06-07,43.7000,43.8000,43.3000,43.5400,1265000
2001-06-06,44.1500,44.1500,43.2000,43.7000,1331800
2001-06-05,44.3300,44.5000,43.7500,44.3600,372300
2001-06-04,44.7000,44.8200,44.2000,44.3100,689300
2001-06-01,44.6200,44.8500,44.2500,44.7300,1309600
2001-05-31,43.5000,44.9400,43.5000,44.7200,2905300
2001-05-30,43.6600,44.2100,43.0400,43.3800,1463900
2001-05-29,43.4000,44.1000,43.4000,43.6500,483100
2001-05-25,44.4000,44.4000,43.5800,43.6500,633200
2001-05-24,44.5000,44.8500,44.0600,44.4000,1079600
2001-05-23,44.1000,44.9500,44.0500,44.7100,652900
2001-05-22,44.0400,44.2500,43.7000,44.0900,574300
2001-05-21,43.3900,44.0400,43.0700,44.0400,446000
2001-05-18,42.9600,43.3900,42.9000,43.3900,396600
2001-05-17,42.6600,43.0500,42.5000,42.9600,532700
2001-05-16,42.1500,42.7000,42.0600,42.6600,528700
2001-05-15,42.5000,42.5000,42.0000,42.1500,565300
2001-05-14,42.6900,43.2900,42.2500,42.2600,763900
2001-05-11,42.6500,42.7500,42.2600,42.5800,308000
2001-05-10,42.5000,42.6000,42.1000,42.4700,460400
2001-05-09,41.7000,42.9000,41.7000,42.4000,1032400
2001-05-08,42.1800,42.1800,41.5000,41.7000,649800
2001-05-07,41.7100,42.1000,41.6800,41.9300,515500
2001-05-04,41.0000,41.7100,40.8000,41.7100,601800
2001-05-03,41.4500,41.5500,40.5500,41.1000,337700
2001-05-02,42.3000,42.3000,41.0700,41.3200,583200
2001-05-01,42.1200,42.4300,41.8600,42.3000,481500
2001-04-30,42.3000,42.3900,41.8500,41.9200,642500
2001-04-27,42.7600,42.8200,42.0500,42.3000,479200
2001-04-26,42.3500,43.2300,42.3500,42.7500,708200
2001-04-25,42.5000,42.7000,41.7500,42.3600,615100
2001-04-24,42.2200,42.4900,41.7700,42.2500,555500
2001-04-23,41.7500,42.1200,41.0800,41.9700,450300
2001-04-20,41.7000,42.2000,41.0500,41.7500,764300
2001-04-19,43.1100,43.5000,41.7000,41.7000,794600
2001-04-18,42.9500,43.4000,41.8000,43.1100,1130200
2001-04-17,43.4000,43.9000,42.7800,42.9400,756800
2001-04-16,42.1500,43.4000,42.0500,43.4000,927700
2001-04-12,42.2300,42.4500,41.5200,42.0400,624800
2001-04-11,43.2500,43.2500,42.0500,42.3300,890700
2001-04-10,42.7100,43.5600,42.7100,43.4400,885500
2001-04-09,42.1500,42.7100,41.9500,42.3200,940200
2001-04-06,42.0500,42.4500,41.2000,41.6800,2363500
2001-04-05,42.4500,42.4500,41.4500,42.3000,1354700
2001-04-04,41.0700,42.1400,40.8000,41.9800,1497400
2001-04-03,40.4500,41.2800,39.8700,41.1700,1371800
2001-04-02,39.8000,40.7500,39.7900,40.6000,1513900
2001-03-30,39.6600,40.2000,39.5400,39.8000,802000
2001-03-29,39.1100,39.4800,38.5800,39.4100,633100
2001-03-28,39.1100,39.7500,38.2200,39.3000,989000
2001-03-27,38.8700,39.8000,38.8400,39.3500,1694200
2001-03-26,37.6200,38.8700,37.5500,38.8700,1280400
2001-03-23,37.3500,37.7500,36.8000,37.6200,1362900
2001-03-22,38.3400,38.5000,36.7000,37.5500,1912500
2001-03-21,38.1500,39.2400,38.1500,38.3400,503200
2001-03-20,38.4400,39.0800,38.2500,38.3600,638100
2001-03-19,38.7800,39.1800,38.7800,39.0600,778100
2001-03-16,38.5000,39.5000,38.5000,38.7700,990300
2001-03-15,38.5000,39.3000,38.1500,39.0400,1139800
2001-03-14,38.8000,39.0400,38.4900,38.4900,1057200
2001-03-13,38.5500,39.5800,38.5500,39.0900,1215100
2001-03-12,38.4100,39.1000,38.4100,38.5500,738700
2001-03-09,39.4100,39.4100,38.7200,38.7700,565000
2001-03-08,38.9800,39.4100,38.8000,39.4000,722200
2001-03-07,38.6600,39.2500,38.5500,38.7800,1237900
2001-03-06,38.5200,38.9800,38.5200,38.6600,909400
2001-03-05,38.1400,38.6500,38.1400,38.5900,1171900
2001-03-02,37.5000,38.3500,37.4000,38.1400,1333400
2001-03-01,37.0000,37.9000,36.6000,37.3500,3056600
2001-02-28,35.8000,37.0000,35.5000,36.0400,2700700
2001-02-27,35.4100,36.0800,35.2600,35.6700,397800
2001-02-26,35.4500,36.5900,35.1800,35.4100,452600
2001-02-23,35.8500,36.3500,34.9500,35.2000,762100
2001-02-22,36.4300,36.7500,35.7500,35.8000,854100
2001-02-21,36.8000,37.1600,36.1000,36.1800,582600
2001-02-20,36.3300,36.5200,35.9800,36.0700,567000
2001-02-16,36.2700,36.7500,35.7000,36.0000,1482500
2001-02-15,36.8300,36.9200,36.0000,36.0200,1149900
2001-02-14,37.7000,37.7100,36.5000,36.8700,1266200
2001-02-13,38.0300,38.4400,37.6200,37.7000,911600
2001-02-12,38.4500,39.1200,37.6000,38.0300,695700
2001-02-09,37.9600,38.4700,37.5000,38.3700,2087900
2001-02-08,36.9000,38.4000,36.9000,37.9600,1966700
2001-02-07,35.7500,37.1800,35.7500,37.0100,2974100
2001-02-06,35.2300,35.9500,34.7500,35.3700,1231900
2001-02-05,34.8000,35.6600,34.8000,34.9800,993800
2001-02-02,35.3000,35.4500,34.6800,34.7700,552700
2001-02-01,35.7000,35.9800,34.6500,35.1000,815000
2001-01-31,36.1600,36.1600,35.1300,35.2900,1041600
2001-01-30,36.1800,36.6800,35.5700,36.4100,505400
2001-01-29,35.8700,36.9900,35.8500,35.9300,388800
2001-01-26,37.0000,37.0000,35.0600,35.8800,726600
2001-01-25,37.1300,37.3800,36.5000,36.6300,507800
2001-01-24,36.5000,37.2500,36.5000,36.8800,399100
2001-01-23,36.3100,37.0000,35.9400,36.5000,890300
2001-01-22,34.8100,36.5000,34.6300,36.3800,845400
2001-01-19,34.7500,35.3100,34.1900,34.8100,949500
2001-01-18,34.0600,34.8800,34.0000,34.7500,818200
2001-01-17,33.9400,34.5600,33.5600,33.8100,594300
2001-01-16,34.7500,34.7500,33.1300,33.7500,793400
2001-01-12,34.2500,34.7500,33.8100,34.5000,1064200
2001-01-11,36.5000,36.5000,33.7500,33.8800,1128900
2001-01-10,36.8800,36.9400,36.2500,36.5000,667100
2001-01-09,36.0000,36.6300,35.8100,36.6300,1143800
2001-01-08,35.5600,36.3100,35.4400,36.1900,855600
2001-01-05,34.8800,35.6900,34.5000,35.5000,1045200
2001-01-04,36.6900,36.7500,34.3200,34.8800,1089400
2001-01-03,38.5000,38.8800,36.7500,37.0000,1344300
2001-01-02,38.6900,38.7500,37.9400,38.2500,535900
2000-12-29,38.9400,39.2500,38.5600,38.9400,451900
2000-12-28,39.0600,39.1900,38.5000,38.9400,418800
2000-12-27,39.2500,39.3100,38.6300,38.9400,593600
2000-12-26,38.4400,39.2500,38.2500,39.1900,373700
2000-12-22,37.6900,38.4400,37.3800,38.4400,524200
2000-12-21,38.0000,38.0000,37.1300,37.7500,6563400
2000-12-20,36.9400,37.8100,36.7500,37.6300,1846900
2000-12-19,37.5600,37.9400,37.3800,37.5000,1576500
2000-12-18,36.8800,37.5000,36.8800,37.5000,865900
2000-12-15,36.6900,37.1900,36.3100,36.8800,749600
2000-12-14,36.6900,36.7500,36.1900,36.4400,344200
2000-12-13,36.0600,36.7500,35.6300,36.5600,378000
2000-12-12,36.1900,36.2500,35.6900,35.9400,502500
2000-12-11,36.4400,36.4400,35.6300,36.0600,431600
2000-12-08,36.8100,36.8100,36.0000,36.1900,323500
2000-12-07,37.1900,37.2500,36.6300,37.0000,579000
2000-12-06,37.3100,37.6300,36.7500,36.9400,902600
2000-12-05,38.2500,38.2500,37.1300,37.3800,606700
2000-12-04,38.0000,38.7500,37.6900,38.0600,407900
2000-12-01,37.7500,38.1900,37.4400,38.0000,290900
2000-11-30,37.7500,38.1900,37.6300,37.9400,930000
2000-11-29,37.3100,38.0000,37.1900,37.7500,423400
2000-11-28,37.0000,37.6900,37.0000,37.3100,420800
2000-11-27,36.9400,37.1900,36.0600,37.0000,482300
2000-11-24,36.8800,37.3800,36.3100,37.1300,150600
2000-11-22,37.5600,37.6900,36.9400,37.0600,414100
2000-11-21,37.6300,37.6300,36.7500,37.3100,292700
2000-11-20,37.5600,38.0000,37.1900,37.5600,290000
2000-11-17,37.2500,37.6300,36.9400,37.3800,473300
2000-11-16,36.7500,37.2500,36.6900,37.1900,435400
2000-11-15,36.1900,36.6900,35.8800,36.6300,492700
2000-11-14,36.6300,36.8100,36.0000,36.0600,517500
2000-11-13,36.6900,36.9400,36.3800,36.8800,751900
2000-11-10,36.3100,37.1300,36.1900,36.5000,464100
2000-11-09,36.0600,36.4400,35.5000,36.3100,572000
2000-11-08,36.0000,36.4400,35.7500,36.0600,465300
2000-11-07,35.8100,36.2500,35.8100,36.1300,466800
2000-11-06,37.1300,37.9400,35.3800,35.8100,1051000
2000-11-03,36.5000,37.3800,36.1900,37.3800,802100
2000-11-02,37.0000,37.2500,36.3100,36.6300,350700
2000-11-01,36.3100,37.3100,36.2500,37.0600,818500
2000-10-31,36.3800,36.5600,35.7500,36.1300,508100
2000-10-30,35.8800,36.4400,35.8100,36.3100,470700
2000-10-27,35.4400,36.4400,34.9400,35.8800,321200
2000-10-26,36.0000,36.0000,35.1300,35.4400,247200
2000-10-25,36.5000,36.8100,35.6900,35.8800,233000
2000-10-24,36.8800,37.0000,35.9400,36.3800,348700
2000-10-23,36.3100,37.2500,36.3100,36.6300,590000
2000-10-20,36.8100,37.1300,36.2500,36.5000,544100
2000-10-19,35.8100,36.7500,35.4400,36.5600,481200
2000-10-18,37.0600,37.3800,35.8100,36.0600,611000
2000-10-17,37.0000,37.5000,36.4400,36.8100,305600
2000-10-16,36.8100,37.3100,36.6300,36.8800,258700
2000-10-13,37.0000,37.4400,36.5000,36.7500,414000
2000-10-12,36.1900,37.2500,35.3100,36.8100,431100
2000-10-11,36.2500,37.0000,35.7500,36.4400,376800
2000-10-10,36.0000,36.6900,35.7500,36.1300,357600
2000-10-09,35.7500,36.3800,35.5000,35.7500,306700
2000-10-06,36.2500,36.8800,35.8800,36.0000,297900
2000-10-05,36.6900,37.3800,35.7500,36.0000,339500
2000-10-04,37.5000,38.1900,36.1300,36.7500,596800
2000-10-03,38.3100,38.5600,37.2500,37.5000,527000
2000-10-02,37.6300,38.5000,36.9400,38.3100,483000
2000-09-29,37.3800,38.3800,37.1900,38.2700,488700
2000-09-28,37.6300,38.0000,37.2500,37.6300,418100
2000-09-27,37.3800,37.7500,36.1900,37.5800,420000
2000-09-26,37.0000,37.6900,36.8800,37.1900,413500
2000-09-25,36.1900,37.2500,36.1300,37.1300,295400
2000-09-22,36.3800,37.3100,36.0600,36.7500,482000
2000-09-21,36.1300,36.9400,35.8800,36.5000,1860000
2000-09-20,36.9400,36.9400,35.9400,36.6900,2118500
2000-09-19,38.3100,38.3800,36.2500,36.6900,441400
2000-09-18,38.5600,38.9400,38.1900,38.5600,375000
2000-09-15,38.0000,39.8800,38.0000,39.0800,888500
2000-09-14,39.0000,39.1900,37.9400,38.1900,526500
2000-09-13,39.1300,40.2500,39.1300,39.1300,631500
2000-09-12,38.2500,39.1300,37.3800,39.1300,856300
2000-09-11,37.9400,39.0600,37.8100,38.4400,559800
2000-09-08,36.7500,38.1900,36.5600,38.1500,628100
2000-09-07,36.1900,36.7500,35.6900,36.6900,979600
2000-09-06,35.4400,36.4400,35.4400,36.3100,311400
2000-09-05,34.6300,35.6900,34.5600,35.6900,559500
2000-09-01,34.8100,35.0000,34.4400,34.6300,145400
2000-08-31,34.5000,35.0000,34.5000,34.7500,258500
2000-08-30,34.1300,34.6900,34.0000,34.5000,240400
2000-08-29,34.0600,34.3800,33.8100,34.1900,245300
2000-08-28,33.4400,34.4400,33.3800,34.3100,428800
2000-08-25,34.0000,34.0000,32.8800,33.5600,351900
2000-08-24,34.1900,34.2500,33.6300,33.7500,345300
2000-08-23,34.3800,34.6300,33.8800,33.9400,897100
2000-08-22,35.0600,35.1900,34.6300,34.6300,205100
2000-08-21,35.4400,35.4400,34.8100,35.2500,151100
2000-08-18,35.5000,35.8800,35.1900,35.5000,308200
2000-08-17,35.6300,35.6900,35.1300,35.2500,187900
2000-08-16,35.4400,36.0000,35.3100,36.0000,556500
2000-08-15,34.8100,35.5000,34.6300,35.0600,449000
2000-08-14,34.6900,35.0600,33.9400,34.9400,426500
2000-08-11,34.4400,35.0000,34.3100,34.5800,299200
2000-08-10,34.0600,34.3800,33.8800,34.3300,542400
2000-08-09,33.6900,34.1300,33.5000,33.8100,573800
2000-08-08,34.0000,34.0600,33.6300,33.9400,632300
2000-08-07,32.8100,33.8800,32.6300,33.7700,871800
2000-08-04,32.6300,33.0000,31.7500,32.8100,390900
2000-08-03,32.6900,33.2500,32.6300,32.7000,224400
2000-08-02,32.1900,32.8100,32.1300,32.5600,312400
2000-08-01,31.3800,32.6900,31.3100,32.4400,429700
2000-07-31,31.7500,32.1300,31.1300,31.5000,363900
2000-07-28,31.7500,31.9400,31.3800,31.6300,441700
2000-07-27,31.9400,32.6300,31.3100,31.5600,494200
2000-07-26,31.7500,31.9400,31.3100,31.7100,374700
2000-07-25,32.2500,32.5000,31.7500,31.9400,266400
2000-07-24,32.1300,32.3100,31.7500,32.0600,302300
2000-07-21,32.5000,32.6900,32.1900,32.2500,280100
2000-07-20,32.3800,32.5000,32.1300,32.5000,252200
2000-07-19,32.0600,32.6300,31.8800,32.2500,378800
2000-07-18,31.9400,32.2500,31.5600,31.8800,331700
2000-07-17,31.5000,31.9400,31.5000,31.6900,246200
2000-07-14,31.9400,32.1900,31.5600,31.6900,394100
2000-07-13,31.6300,31.8800,31.3100,31.8100,218100
2000-07-12,31.5000,31.7500,31.3800,31.5000,170900
2000-07-11,31.6900,31.8100,31.1900,31.7500,188400
2000-07-10,31.3100,31.9400,31.1900,31.6300,286100
2000-07-07,31.2500,31.6300,31.1300,31.5000,219600
2000-07-06,31.0000,31.4400,30.4400,31.2500,404500
2000-07-05,31.5600,32.0000,30.7500,30.8800,319800
2000-07-03,30.5600,31.3100,30.5600,31.3100,607700
2000-06-30,31.4400,32.8800,30.3100,30.5600,1005400
2000-06-29,32.1300,32.4400,31.6300,31.6900,502800
2000-06-28,31.9400,32.5000,31.2500,32.4000,403000
2000-06-27,32.8800,32.9400,31.8100,31.9400,416100
2000-06-26,32.6900,32.8800,32.3100,32.6900,237600
2000-06-23,32.5000,33.1900,32.2500,32.5000,479200
2000-06-22,33.0600,33.1300,32.4400,32.7500,296500
2000-06-21,33.3800,33.6900,33.1300,33.2500,207600
2000-06-20,33.5000,33.6300,32.8800,33.3100,430600
2000-06-19,34.0600,35.0000,33.2500,33.3800,539400
2000-06-16,34.1900,34.6900,34.0000,34.2500,1816600
2000-06-15,34.3100,35.2500,34.3100,35.0000,1498700
2000-06-14,35.5600,35.6300,34.1300,34.5000,508700
2000-06-13,35.4400,35.9400,35.3100,35.5600,224000
2000-06-12,35.5600,35.9400,35.4400,35.5600,272800
2000-06-09,34.5600,35.4400,34.5600,35.3100,225500
2000-06-08,34.5600,34.6900,34.0000,34.4400,281300
2000-06-07,34.7500,35.1900,34.5000,34.7500,364800
2000-06-06,34.0000,35.1300,33.7500,35.0000,509500
2000-06-05,35.3800,35.3800,34.0000,34.0000,496600
2000-06-02,35.0000,35.7500,34.1300,35.3100,646800
2000-06-01,34.5000,35.1900,34.5000,35.0600,510000
2000-05-31,34.2500,34.8800,34.1300,34.3800,429100
2000-05-30,34.3800,35.1300,33.9400,34.1900,779300
2000-05-26,33.3800,34.8800,33.3100,34.5600,709900
2000-05-25,32.7500,33.8800,32.0000,33.8800,569600
2000-05-24,32.8100,33.8100,32.7500,32.9700,799400
2000-05-23,33.6900,33.6900,32.1900,32.8100,507800
2000-05-22,33.6900,33.8800,33.1300,33.1900,432800
2000-05-19,33.5000,33.8800,33.2500,33.6900,309600
2000-05-18,32.8100,33.8100,32.6300,33.7500,507300
2000-05-17,33.0600,33.1300,32.0000,32.7500,673100
2000-05-16,33.2500,33.3800,32.5600,33.3100,1260900
2000-05-15,32.3800,33.3800,32.3800,33.3800,1025000
2000-05-12,32.3100,32.6300,31.8100,32.0800,1046200
2000-05-11,31.5600,32.2500,31.5600,32.2500,792500
2000-05-10,32.2500,32.2500,31.5600,31.6900,771800
2000-05-09,32.5600,32.8100,32.1300,32.2500,767700
2000-05-08,31.3100,32.8800,31.1900,32.5600,710000
2000-05-05,31.3800,31.8800,31.1900,31.4400,900700
2000-05-04,31.0600,33.3100,31.0600,31.2500,917000
2000-05-03,31.3100,31.3100,30.7500,30.8100,363200
2000-05-02,31.9400,32.3100,31.2500,31.3100,313400
2000-05-01,32.3800,32.6900,32.0000,32.0600,701800
2000-04-28,32.6300,32.7500,32.1900,32.6300,943100
2000-04-27,33.9400,33.9400,32.7500,32.8800,666100
2000-04-26,32.5000,34.2500,32.3800,34.1900,701400
2000-04-25,31.8100,33.0000,31.8100,32.9400,599900
2000-04-24,30.8100,32.2500,30.6900,32.0600,546700
2000-04-20,30.2500,31.0000,30.1900,30.8100,307600
2000-04-19,30.1300,30.3100,29.5600,30.1300,590800
2000-04-18,29.3800,30.5000,29.3100,30.3100,892200
2000-04-17,28.9400,29.8800,28.7500,29.2500,1130200
2000-04-14,29.8800,30.3800,29.0000,29.4400,618500
2000-04-13,29.8800,30.3800,29.6300,30.1300,553800
2000-04-12,29.6900,30.6900,29.6900,29.8100,805400
2000-04-11,30.1300,30.5600,29.8100,29.8100,376000
2000-04-10,29.3100,30.1900,29.2500,30.1300,417500
2000-04-07,29.3100,29.6900,29.0600,29.4400,348200
2000-04-06,30.0000,30.0000,29.0600,29.6300,535800
2000-04-05,29.6300,30.4400,29.4400,29.7500,637500
2000-04-04,29.2500,29.9400,29.0600,29.6300,805000
2000-04-03,29.1300,29.3800,28.8800,29.3100,564000
2000-03-31,29.7500,29.7500,28.8800,29.1900,1806800
2000-03-30,29.9400,30.3800,29.5000,29.6300,813400
2000-03-29,29.8100,30.2500,29.7500,29.7500,578300
2000-03-28,29.7500,30.2500,29.6300,30.0000,636600
2000-03-27,29.9400,30.4400,29.7500,29.7500,349600
2000-03-24,29.8100,29.9400,29.3100,29.7500,541900
2000-03-23,29.4400,30.2500,29.4400,29.8800,689300
2000-03-22,30.0000,30.0000,28.4400,29.2500,737400
2000-03-21,30.9400,30.9400,29.5600,30.0600,397800
2000-03-20,30.6300,30.9400,30.3800,30.6900,454200
2000-03-17,31.3100,31.6300,30.1900,30.4400,580200
2000-03-16,30.5600,32.3100,30.5000,31.8800,2414700
2000-03-15,30.0600,31.9400,30.0000,31.4400,1075200
2000-03-14,30.5600,30.9400,29.7500,30.0000,1096300
2000-03-13,30.0000,31.0600,29.9400,30.5600,896700
2000-03-10,30.5000,31.1900,30.3800,30.7500,843600
2000-03-09,29.7500,30.2500,29.6900,30.2500,878900
2000-03-08,29.3100,30.0000,29.1300,29.7500,572100
2000-03-07,29.8100,30.4400,29.3800,29.3800,833100
2000-03-06,31.0000,31.0000,29.6300,29.8100,1142100
2000-03-03,29.2500,29.6300,29.1300,29.5000,496600
2000-03-02,29.7500,29.7500,29.1900,29.3800,608500
2000-03-01,30.0000,30.3800,29.1900,29.3800,361500
2000-02-29,29.7500,30.3100,29.5000,30.1900,437900
2000-02-28,29.3800,30.1900,29.1300,29.7500,750600
2000-02-25,30.0600,30.1900,29.1300,29.4400,451100
2000-02-24,31.0600,31.1900,29.8100,30.0600,620100
2000-02-23,31.5600,31.6300,30.7500,30.8800,302100
2000-02-22,32.3800,32.5000,31.6900,31.8100,324800
2000-02-18,32.5000,32.5600,32.0600,32.1300,328000
2000-02-17,33.0000,33.1900,32.3800,32.5000,475400
2000-02-16,33.0600,33.2500,32.5000,32.5600,377800
2000-02-15,32.8100,33.2500,32.6300,33.0000,517600
2000-02-14,32.7500,33.3800,32.4400,32.6900,509800
2000-02-11,32.1900,32.6900,32.1900,32.5000,327200
2000-02-10,32.6300,32.6900,31.8800,32.1900,662500
2000-02-09,33.0000,33.3800,32.3800,32.3800,521800
2000-02-08,33.1900,33.2500,32.9400,33.0000,580600
2000-02-07,33.2500,33.2500,32.6300,33.0000,372800
2000-02-04,34.3100,34.3800,33.1300,33.2500,546600
2000-02-03,33.6900,34.5600,33.6900,34.2500,623600
2000-02-02,34.4400,34.5600,33.6200,33.6900,386000
2000-02-01,34.8800,35.3100,34.6900,34.7500,637000
2000-01-31,33.6300,35.0000,33.3800,34.7500,906000
2000-01-28,34.5000,34.6900,33.2500,33.2500,394300
2000-01-27,35.7500,35.7500,34.5000,35.0000,963600
2000-01-26,35.8100,35.8800,35.3800,35.8800,443300
2000-01-25,37.6300,38.0000,35.2500,35.7500,773400
2000-01-24,39.0000,41.3100,37.3800,37.5600,1822600
2000-01-21,34.7500,37.5000,33.8800,37.1900,1231300
2000-01-20,32.0000,34.0600,31.8800,33.8800,985800
2000-01-19,31.0000,32.1300,30.8800,31.8800,581500
2000-01-18,31.1900,31.3100,30.5000,30.8100,251200
2000-01-14,31.5600,31.7500,31.0000,31.1900,409900
2000-01-13,31.6900,31.7500,31.1900,31.5000,321400
2000-01-12,31.3100,31.9400,31.2500,31.5600,1021700
2000-01-11,31.3100,31.4400,31.0000,31.4400,359700
2000-01-10,31.9400,32.1300,31.3100,31.4400,632800
2000-01-07,31.0000,31.2500,30.8800,31.2500,567300
2000-01-06,31.0000,31.3800,30.6900,30.9400,288500
2000-01-05,30.3100,31.4400,30.3100,31.1900,378200
2000-01-04,29.5600,30.1300,29.5600,30.1300,561200
2000-01-03,31.3800,31.3800,29.8800,30.0600,572300
1999-12-31,31.7500,31.7500,31.0600,31.6300,183900
1999-12-30,31.4400,31.5600,31.2500,31.3800,236300
1999-12-29,31.6300,31.7500,31.1900,31.1900,120200
1999-12-28,31.5600,32.0600,31.5600,31.7500,95700
1999-12-27,32.0000,32.3100,31.6300,31.6300,330800
1999-12-23,31.6900,32.1900,31.5600,32.0600,169900
1999-12-22,32.0600,32.1900,31.3100,31.5600,379500
1999-12-21,31.8800,32.4400,31.5000,32.1900,904900
1999-12-20,31.5000,32.0000,31.3100,31.5700,327800
1999-12-17,31.5600,31.5600,31.5600,31.5600,450400
1999-12-16,32.0000,32.5000,31.5000,31.6900,1359000
1999-12-15,32.3800,32.6900,32.1300,32.3100,6488600
1999-12-14,32.3800,32.4400,32.0000,32.3800,385300
1999-12-13,32.8800,32.8800,32.2500,32.3100,490800
1999-12-10,33.4400,33.4400,32.6300,32.6300,450500
1999-12-09,33.4400,33.6300,33.3800,33.4400,616700
1999-12-08,33.4400,33.5600,33.3800,33.4600,419600
1999-12-07,33.3800,33.7500,33.3800,33.5000,741400
1999-12-06,33.2500,33.5000,33.0600,33.3800,473500
1999-12-03,33.1900,33.7500,33.1900,33.4400,212600
1999-12-02,32.6900,33.0600,32.6900,32.9400,108500
1999-12-01,33.0000,33.0600,32.5000,32.6300,618800
1999-11-30,32.0600,33.0600,32.0000,33.0600,1157600
1999-11-29,32.5600,32.5600,31.5000,32.0600,397800
1999-11-26,33.3100,33.3100,32.8100,32.8100,161400
1999-11-24,32.2500,32.9400,32.0000,32.6900,772900
1999-11-23,32.4400,32.5000,32.0000,32.0600,291200
1999-11-22,33.0000,33.1300,32.5600,32.8400,354600
1999-11-19,33.3100,33.5000,33.0600,33.2500,413600
1999-11-18,33.6300,33.7500,33.3800,33.5000,263500
1999-11-17,33.5600,33.6300,33.3800,33.5000,318300
1999-11-16,33.6300,33.6900,33.3800,33.5000,259600
1999-11-15,33.5600,33.7500,33.1900,33.3800,206500
1999-11-12,33.6300,34.1300,33.3800,33.5600,458000
1999-11-11,33.0600,33.8100,33.0600,33.6900,476300
1999-11-10,33.7500,34.1300,33.5600,33.5600,454400
1999-11-09,34.6300,34.7500,34.0000,34.0000,1536900
1999-11-08,34.6300,34.8800,34.4400,34.8100,247600
1999-11-05,34.5600,34.8800,34.3100,34.8100,465700
1999-11-04,35.0000,35.0000,33.8800,34.1300,427200
1999-11-03,34.9400,34.9400,34.4400,34.8100,526300
1999-11-02,34.0000,35.2500,33.9400,34.8100,1033700
1999-11-01,33.1900,34.2500,33.0600,33.8100,473100
