,1. open,2. high,3. low,4. close,5. volume
2023-01-27,23.2500,23.5000,23.1800,23.4000,5107285
2023-01-26,23.0500,23.2500,22.9500,23.2000,5572272
2023-01-25,22.7600,22.9300,22.6000,22.9000,6279587
2023-01-24,22.9900,23.1200,22.6100,22.8300,7757904
2023-01-23,22.8300,23.0400,22.6003,22.9600,10372492
2023-01-20,22.7600,23.2200,21.7400,22.6900,14212486
2023-01-19,21.4800,21.7500,21.1100,21.6900,12621028
2023-01-18,22.2800,22.5500,21.8000,21.8200,8585384
2023-01-17,22.3700,22.5100,22.1400,22.4300,6397000
2023-01-13,22.0000,22.4800,21.6250,22.4300,9809006
2023-01-12,22.2900,22.4900,22.1300,22.3600,5318805
2023-01-11,22.1000,22.2400,21.9100,22.1300,6590553
2023-01-10,21.9100,22.1900,21.8500,22.0300,5741026
2023-01-09,22.2900,22.3700,22.0650,22.0900,6034105
2023-01-06,21.8100,22.4700,21.5800,22.3900,5829366
2023-01-05,21.7300,21.8400,21.4050,21.6700,5704436
2023-01-04,21.8000,22.0700,21.6200,21.9100,7857293
2023-01-03,21.7700,21.9500,21.3150,21.4700,7741302
2022-12-30,21.4900,21.7000,21.4050,21.5600,3324229
2022-12-29,21.2700,21.6600,21.2600,21.6200,3697877
2022-12-28,21.4400,21.5400,21.1500,21.2500,4215900
2022-12-27,21.2900,21.4450,21.1079,21.4400,3646360
2022-12-23,21.0600,21.3150,21.0450,21.2200,4005298
2022-12-22,20.9100,21.1000,20.5750,21.0800,5778097
2022-12-21,20.9700,21.1700,20.9450,21.0400,5169241
2022-12-20,20.7200,20.9070,20.5550,20.7100,5876331
2022-12-19,20.5600,20.8850,20.4700,20.6000,6993883
2022-12-16,20.6300,20.9450,20.3800,20.5800,15597168
2022-12-15,20.9000,20.9800,20.5950,20.8200,8255931
2022-12-14,21.6700,21.7810,21.0700,21.1200,9303877
2022-12-13,22.8500,22.9450,21.4550,21.6500,11632380
2022-12-12,22.0800,22.5175,21.7770,22.3900,6884049
2022-12-09,21.9600,22.2250,21.8300,22.0200,5093132
2022-12-08,21.7600,22.1100,21.5300,22.0600,7741366
2022-12-07,21.2700,21.9000,21.2300,21.5900,10545826
2022-12-06,22.0000,22.1000,21.3000,21.6000,10502797
2022-12-05,23.0000,23.0300,21.7600,21.9800,10018999
2022-12-02,22.7700,23.3550,22.7500,23.1600,8925547
2022-12-01,23.3700,23.4400,22.7500,22.9900,8117801
2022-11-30,22.8100,23.2400,22.1500,23.2100,9060252
2022-11-29,22.5800,22.9300,22.4800,22.9100,4434924
2022-11-28,22.6600,22.8350,22.4300,22.5400,5422702
2022-11-25,22.8500,22.9755,22.7950,22.8700,1377504
2022-11-23,22.6700,22.8000,22.5950,22.7400,2784804
2022-11-22,22.7100,22.8650,22.5650,22.6600,3725951
2022-11-21,22.3500,22.6400,22.2750,22.5100,5621314
2022-11-18,22.7700,22.8700,22.2200,22.4900,5677427
2022-11-17,22.3900,22.5550,22.1400,22.3500,6360212
2022-11-16,23.0700,23.1400,22.6150,22.6900,6116297
2022-11-15,23.2700,23.4950,22.9000,23.1300,5785867
2022-11-14,23.3400,23.4800,22.9000,22.9100,4889542
2022-11-11,23.5000,23.6594,23.2500,23.4100,7080108
2022-11-10,23.1900,23.4000,22.9100,23.2800,8716781
2022-11-09,22.5600,22.6900,22.3800,22.4600,5708259
2022-11-08,22.8700,22.9450,22.6100,22.8300,7146612
2022-11-07,22.7200,22.8400,22.4350,22.8200,5121612
2022-11-04,22.2800,22.7400,22.0800,22.4600,7605563
2022-11-03,21.6500,22.1900,21.2800,21.9900,7648630
2022-11-02,22.3100,22.5100,21.8300,21.8500,7641234
2022-11-01,22.1300,22.3300,22.0000,22.3000,6303261
2022-10-31,21.8200,22.1400,21.7600,21.9500,7019192
2022-10-28,21.7100,21.8900,21.5500,21.8500,6064170
2022-10-27,21.4900,21.7400,21.4400,21.5500,8884697
2022-10-26,21.3100,21.5200,21.1800,21.2900,8612311
2022-10-25,20.3600,21.2750,20.2600,21.2300,11146420
2022-10-24,19.6900,20.6979,19.5800,20.5500,16159155
2022-10-21,19.8500,20.6900,19.0950,19.5200,24905226
2022-10-20,20.8500,21.1000,19.6100,19.7400,16959608
2022-10-19,21.4400,21.6500,20.8050,20.9000,9927019
2022-10-18,21.7200,22.0100,21.2800,21.6600,11347928
2022-10-17,21.2300,21.4200,20.9450,21.2500,9467202
2022-10-14,21.0000,21.5100,20.6450,20.6800,9317954
2022-10-13,19.3200,20.9400,19.1500,20.8800,9981799
2022-10-12,19.8300,19.9900,19.5900,19.6000,8707807
2022-10-11,20.1700,20.2700,19.7900,19.8900,7644317
2022-10-10,20.5500,20.6800,20.1100,20.2600,7426215
2022-10-07,20.6800,20.7300,20.2500,20.4500,10460756
2022-10-06,21.0300,21.1700,20.7900,20.8100,6031101
2022-10-05,21.0700,21.3100,21.0000,21.1700,6821685
2022-10-04,20.8500,21.4200,20.8500,21.4000,7203389
2022-10-03,20.3100,20.6500,19.8550,20.5200,9218928
2022-09-30,20.0200,20.5400,19.9200,20.0700,10594497
2022-09-29,20.1400,20.3400,19.6400,19.8700,10097990
2022-09-28,20.5800,21.0600,20.2100,20.4600,19665701
2022-09-27,20.8200,21.0400,20.0950,20.4100,8328293
2022-09-26,20.7100,21.0500,20.4750,20.6900,8071253
2022-09-23,21.0400,21.1500,20.5900,20.8800,6830975
2022-09-22,22.0200,22.0600,21.2650,21.3100,6234963
2022-09-21,22.3200,22.4990,21.8700,21.8700,8155010
2022-09-20,22.0800,22.3500,21.9750,22.1900,6310152
2022-09-19,21.7100,22.3200,21.6300,22.2400,5279326
2022-09-16,22.1700,22.2300,21.6713,21.9300,13704067
2022-09-15,22.2400,22.8000,22.1850,22.4400,7467815
2022-09-14,21.7400,22.2000,21.4900,22.1300,11095160
2022-09-13,21.9800,22.1650,21.5650,21.6800,9638937
2022-09-12,22.3100,22.6400,22.2100,22.4600,8489158
2022-09-09,22.3600,22.5250,22.1900,22.2100,9929813
2022-09-08,21.4400,22.2300,21.3000,22.2100,6591370
2022-09-07,20.9400,21.6300,20.8700,21.5500,5725972
2022-09-06,21.4200,21.5000,20.8200,21.0100,7301476
2022-09-02,21.6900,21.8850,21.1801,21.2800,6356731
2022-09-01,21.4700,21.4700,20.9350,21.3800,6340407
2022-08-31,21.7600,21.9250,21.5800,21.6700,8117270
2022-08-30,21.8600,21.9200,21.5250,21.6900,5574308
2022-08-29,21.7600,21.9400,21.5400,21.7400,4724794
2022-08-26,22.6100,22.7600,21.9500,21.9700,7138042
2022-08-25,22.2100,22.5400,22.1200,22.5200,4013616
2022-08-24,22.0100,22.2150,21.8600,22.1200,4819805
2022-08-23,22.1600,22.3750,22.0500,22.0500,5793351
2022-08-22,22.2300,22.3000,22.0000,22.1100,6649975
2022-08-19,22.7800,22.8600,22.4750,22.6000,4620693
2022-08-18,22.8500,22.9900,22.7650,22.9600,4496278
2022-08-17,22.8200,22.9500,22.6254,22.8400,6065376
2022-08-16,22.8500,23.3700,22.8300,23.1700,5159354
2022-08-15,22.7000,23.0150,22.6500,22.9100,4111451
2022-08-12,22.7800,22.9700,22.6200,22.9600,4816159
2022-08-11,22.4800,22.6700,22.4250,22.6400,6720670
2022-08-10,21.8500,22.4400,21.8150,22.2200,7268160
2022-08-09,21.3200,21.4700,21.1650,21.4600,5191950
2022-08-08,21.4900,21.6000,21.1900,21.2600,5571927
2022-08-05,21.0000,21.5250,20.9500,21.3500,6557399
2022-08-04,21.0300,21.1350,20.8800,21.0200,7372095
2022-08-03,21.0600,21.2850,20.9400,21.1500,7180714
2022-08-02,21.0700,21.2000,20.7450,20.8300,7598197
2022-08-01,21.0000,21.2350,20.8050,21.1200,8626119
2022-07-29,21.0100,21.2600,20.9900,21.1800,7986772
2022-07-28,21.1300,21.2250,20.7200,20.9200,6710822
2022-07-27,20.7700,21.3050,20.5250,21.1700,7714377
2022-07-26,21.1200,21.2400,20.5800,20.6200,8296852
2022-07-25,20.9500,21.3200,20.7600,21.2900,8174211
2022-07-22,20.9300,21.1900,20.0300,20.6500,12949054
2022-07-21,20.1800,20.4500,19.9900,20.3700,12503759
2022-07-20,19.9300,20.2900,19.8400,20.2700,5198399
2022-07-19,19.8300,20.1650,19.7500,20.0400,5010197
2022-07-18,19.5100,19.8900,19.3300,19.4600,4830409
2022-07-15,18.5900,19.2650,18.4400,19.1900,7459255
2022-07-14,18.1600,18.3350,18.0100,18.2400,5560189
2022-07-13,18.7500,18.8100,18.2550,18.6400,7021124
2022-07-12,18.6200,19.3600,18.6200,18.9700,7558393
2022-07-11,18.9300,19.1100,18.6750,19.0500,6919854
2022-07-08,19.1900,19.2500,18.7950,19.0200,7164875
2022-07-07,18.9100,19.2700,18.8700,19.0400,7757585
2022-07-06,18.6600,18.8760,18.4000,18.5600,7779762
2022-07-05,18.6200,18.8500,18.3000,18.8500,6946986
2022-07-01,18.6900,19.1200,18.4400,19.0300,7841547
2022-06-30,18.8100,19.1000,18.3300,18.7500,10637755
2022-06-29,19.5200,19.6000,19.0450,19.2400,5808548
2022-06-28,19.6200,19.9050,19.3350,19.4300,5446608
2022-06-27,19.6500,19.6900,19.1050,19.3500,6904007
2022-06-24,18.5300,19.6600,18.4800,19.4900,11636012
2022-06-23,18.9500,19.0150,18.1800,18.4200,9318309
2022-06-22,18.8000,19.2000,18.7350,19.0700,5366983
2022-06-21,19.1600,19.3050,18.9200,19.0900,5578146
2022-06-17,18.7400,18.9600,18.4850,18.7000,12373586
2022-06-16,19.0500,19.0500,18.3450,18.5500,7625812
2022-06-15,19.5500,19.7350,19.0100,19.3800,10165951
2022-06-14,19.5500,19.8500,19.1100,19.3500,7984773
2022-06-13,19.5900,19.8300,19.2950,19.4400,7646678
2022-06-10,20.5300,20.7650,20.0900,20.1400,6859973
2022-06-09,21.8000,21.8200,21.0900,21.0900,5031269
2022-06-08,21.8100,21.8400,21.5450,21.8000,4874957
2022-06-07,21.5700,22.0300,21.4500,22.0000,6421342
2022-06-06,21.9600,22.1600,21.7000,21.7800,4858544
2022-06-03,21.8500,21.9600,21.6650,21.7500,5480647
2022-06-02,21.4700,21.9850,21.3450,21.8900,5600732
2022-06-01,22.1500,22.1500,21.2300,21.6100,6971507
2022-05-31,21.5300,22.2300,21.4700,22.0900,9655293
2022-05-27,21.6700,21.9150,21.6000,21.8800,5991217
2022-05-26,21.2600,21.7400,21.2600,21.6100,6468616
2022-05-25,20.3200,21.3650,20.2900,21.1700,8443210
2022-05-24,20.6700,20.7400,19.9900,20.4300,6858451
2022-05-23,20.6300,21.1700,20.3500,20.7200,7979363
2022-05-20,20.2200,20.3700,19.5800,20.1500,7964047
2022-05-19,19.7300,20.2000,19.7050,20.0200,8677009
2022-05-18,20.4100,20.5300,19.7550,19.9300,6458440
2022-05-17,20.1700,20.7300,20.1400,20.6400,6167800
2022-05-16,19.8500,19.9900,19.3600,19.7200,5891769
2022-05-13,20.0400,20.1700,19.6650,19.8800,6210244
2022-05-12,19.9000,20.1000,19.3250,19.8200,9448827
2022-05-11,20.2600,20.8800,20.0100,20.0200,7493028
2022-05-10,20.7500,20.8900,19.7000,20.1900,11041865
2022-05-09,20.8100,21.0900,20.4700,20.5700,13179766
2022-05-06,21.4000,21.4500,20.8100,21.1200,10540056
2022-05-05,21.6800,21.8000,21.0014,21.4500,7214083
2022-05-04,21.5700,22.1250,21.2500,22.0500,7904513
2022-05-03,21.2500,21.7500,21.1100,21.5500,7301810
2022-05-02,21.0700,21.1900,20.5400,21.0600,12514366
2022-04-29,21.2500,21.5100,20.6800,20.7200,11859536
2022-04-28,21.5000,21.5800,20.8700,21.3400,9263859
2022-04-27,20.9800,21.5350,20.8700,21.2700,11634284
2022-04-26,21.3600,21.5300,20.9550,21.0200,12937813
2022-04-25,21.1600,21.6150,20.6850,21.6000,13281576
2022-04-22,21.5000,21.8550,21.0200,21.3700,16456881
2022-04-21,22.2800,22.6300,21.3300,21.5400,14794005
2022-04-20,21.9200,22.2700,21.8000,21.9700,10294917
2022-04-19,21.1000,21.7500,20.9350,21.6800,7637720
2022-04-18,20.6000,20.9400,20.6000,20.9200,4173294
2022-04-14,20.9000,21.0599,20.5200,20.7300,7050797
2022-04-13,20.5600,20.9500,20.5400,20.9300,5263851
2022-04-12,21.1100,21.4450,20.6100,20.8200,7958368
2022-04-11,20.8500,21.6098,20.8200,21.1400,9620415
2022-04-08,20.6100,20.9100,20.3450,20.7500,7765562
2022-04-07,20.6700,20.8500,19.9700,20.4200,11362832
2022-04-06,21.2100,21.2850,20.7400,20.8200,9205791
2022-04-05,21.3000,21.6850,21.2400,21.3200,6919579
2022-04-04,21.3900,21.7100,20.9500,21.4700,7694910
2022-04-01,22.7400,22.8000,21.3400,21.4700,11893860
2022-03-31,22.5700,22.8300,22.2300,22.2600,11027813
2022-03-30,23.1800,23.2500,22.4301,22.6500,9412178
2022-03-29,23.6000,23.6050,23.0450,23.2300,6285132
2022-03-28,23.2100,23.3500,22.5750,23.0300,5919199
2022-03-25,23.0400,23.4400,22.8900,23.4400,6263288
2022-03-24,22.9400,23.1700,22.7550,22.9000,6345040
2022-03-23,23.1600,23.3400,22.6450,22.7000,6623200
2022-03-22,23.2000,23.6600,23.0900,23.4300,6514229
2022-03-21,23.0700,23.3400,22.6200,22.7800,6837379
2022-03-18,23.1500,23.1700,22.5200,22.9500,24008404
2022-03-17,23.1000,23.2800,22.7000,23.2700,7486797
2022-03-16,23.2100,23.9100,22.9950,23.5400,9562415
2022-03-15,22.8200,23.1400,22.4750,22.7900,10311362
2022-03-14,22.4600,23.3300,22.3400,22.7200,10280253
2022-03-11,22.2300,22.5950,21.8800,21.9100,8355450
2022-03-10,21.9300,22.3350,21.7500,22.0000,8808190
2022-03-09,22.3500,22.6650,22.0600,22.4500,10750129
2022-03-08,21.6900,22.0400,21.2100,21.4000,16081547
2022-03-07,22.3000,22.4900,21.2500,21.2600,16306156
2022-03-04,22.7100,23.0350,22.2650,22.6100,10699467
2022-03-03,23.4350,23.6050,22.9950,23.4300,8011756
2022-03-02,22.6300,23.5500,22.5800,23.3700,11277250
2022-03-01,23.9000,23.9000,21.9900,22.1100,15189750
2022-02-28,23.4400,24.3700,23.4400,24.1900,12837517
2022-02-25,23.3100,24.3600,23.3100,24.2900,8958465
2022-02-24,22.5150,23.1700,22.0000,23.0800,14344395
2022-02-23,24.0700,24.2400,23.3450,23.4200,8168150
2022-02-22,23.7500,24.2100,23.5800,23.8800,10624087
2022-02-18,23.9200,24.2600,23.6250,23.7000,16611509
2022-02-17,25.0500,25.0500,23.7500,23.9000,17784212
2022-02-16,24.9600,25.5700,24.9500,25.2400,6396128
2022-02-15,24.8800,25.4450,24.8100,25.2900,7953558
2022-02-14,24.9100,25.1900,24.3350,24.5200,8571724
2022-02-11,24.6500,25.4900,24.6100,24.8300,11539894
2022-02-10,24.8800,25.3700,24.7750,24.9200,8593394
2022-02-09,25.0500,25.1450,24.7650,24.8500,7870077
2022-02-08,24.9000,25.2300,24.8000,25.0900,10191410
2022-02-07,24.3550,24.6000,24.1700,24.4700,6480227
2022-02-04,23.7000,24.4852,23.7000,24.2500,7084573
2022-02-03,23.9200,24.1800,23.4800,23.5800,8488258
2022-02-02,23.5100,23.8350,23.3000,23.7900,6407903
2022-02-01,23.0000,23.6400,22.7700,23.6000,9480195
2022-01-31,22.8700,23.1500,22.3800,22.9400,12377064
2022-01-28,22.8200,23.1100,22.4800,23.1000,10778018
2022-01-27,23.7600,23.9600,22.8000,22.9100,11703643
2022-01-26,23.4900,24.0700,23.0000,23.4300,15991628
2022-01-25,22.7900,23.4000,22.2700,23.2200,16217335
2022-01-24,21.5900,23.0650,21.3600,22.9700,18654153
2022-01-21,22.3800,22.4300,21.7700,22.1000,16730311
2022-01-20,22.3300,23.0700,22.0500,22.4200,18409930
2022-01-19,24.9200,24.9650,23.6400,23.6500,19174507
2022-01-18,25.4200,25.5300,24.7200,24.8100,10056134
2022-01-14,24.4800,25.4200,24.3900,25.4100,10115413
2022-01-13,24.9900,25.3600,24.9100,25.0300,10708232
2022-01-12,24.7900,25.0350,24.6050,24.7800,8779724
2022-01-11,25.2500,25.3000,24.3850,24.6600,13557114
2022-01-10,25.4300,25.5100,24.4550,24.8600,11121328
2022-01-07,24.6100,25.2700,24.4400,25.1200,11494108
2022-01-06,23.9900,24.6300,23.6300,24.5900,9872498
2022-01-05,23.8400,24.0450,23.4200,23.4500,6667248
2022-01-04,23.0400,23.9200,23.0400,23.6800,10302649
2022-01-03,22.5200,22.7500,22.3600,22.6700,10996760
2021-12-31,21.7800,21.9440,21.7350,21.8000,3957211
2021-12-30,21.9600,22.1750,21.8500,21.8700,4150041
2021-12-29,21.9000,22.0300,21.7200,21.8500,3712070
2021-12-28,21.8000,22.0206,21.7400,21.8500,3763644
2021-12-27,21.5400,21.8900,21.3500,21.8900,4565815
2021-12-23,21.5100,21.7500,21.4100,21.5200,4489236
2021-12-22,21.2900,21.4700,21.1500,21.3400,5250276
2021-12-21,20.9600,21.4150,20.9600,21.3200,6393076
2021-12-20,20.9200,20.9400,20.2500,20.6900,12154259
2021-12-17,21.8400,21.9700,21.0800,21.2700,17197123
2021-12-16,22.1700,22.5200,21.8400,21.9600,7307281
2021-12-15,21.9700,22.1100,21.6100,21.8700,8580073
2021-12-14,21.4900,22.0000,21.4600,21.8300,9017512
2021-12-13,22.1100,22.1900,21.3550,21.4500,9378697
2021-12-10,22.5200,22.5500,21.9250,22.2300,7224240
2021-12-09,22.4800,22.6400,22.2700,22.2900,8410227
2021-12-08,22.9000,23.1000,22.5500,22.6400,6314804
2021-12-07,22.6300,23.0658,22.5800,22.8700,7329339
2021-12-06,22.2700,22.8100,22.0500,22.4400,8281081
2021-12-03,22.6400,22.7200,21.6800,21.9000,10420060
2021-12-02,22.3300,22.7700,22.0800,22.6300,13700582
2021-12-01,23.2500,23.5200,22.1500,22.1500,8936932
2021-11-30,23.1900,23.2900,22.7200,22.7500,13243266
2021-11-29,23.8400,24.0400,23.3600,23.5400,8162300
2021-11-26,23.5800,23.7200,23.0500,23.4700,6513829
2021-11-24,24.5500,24.8900,24.5150,24.5800,4568758
2021-11-23,24.2500,24.6200,24.1500,24.5900,5467216
2021-11-22,24.0900,24.4150,23.9600,24.0500,5883875
2021-11-19,23.7000,23.8992,23.3100,23.6900,7704627
2021-11-18,23.9450,24.1900,23.7130,23.9000,4569919
2021-11-17,24.2100,24.2650,23.8200,24.0300,3882594
2021-11-16,24.3400,24.4700,24.1400,24.2500,4374945
2021-11-15,24.0700,24.3700,23.9000,24.2400,5242973
2021-11-12,24.1200,24.2300,23.6900,23.9500,7680746
2021-11-11,24.2200,24.3802,24.0650,24.1200,7909622
2021-11-10,24.2900,24.5350,24.1100,24.1700,8009501
2021-11-09,24.2500,24.5000,24.1850,24.3400,8203818
2021-11-08,24.4300,24.6250,24.3000,24.5000,6512661
2021-11-05,24.5300,24.6700,24.1746,24.3100,5795723
2021-11-04,24.5900,24.5900,24.0400,24.2700,5935737
2021-11-03,23.7900,24.7750,23.6750,24.7100,7476324
2021-11-02,24.0400,24.3300,23.9300,23.9600,5407606
2021-11-01,23.9100,24.2050,23.8700,24.1500,5211748
2021-10-29,23.8200,23.9500,23.6700,23.6800,7210363
2021-10-28,23.4900,23.7500,23.4200,23.7400,5983076
2021-10-27,23.9300,24.0000,23.3600,23.3700,8426138
2021-10-26,24.2600,24.4450,24.0150,24.0800,7534513
2021-10-25,24.4450,24.4900,24.0550,24.2200,8650723
2021-10-22,23.5000,24.3600,23.5000,24.0900,10301484
2021-10-21,23.4500,23.6600,23.1350,23.2800,10913612
2021-10-20,22.7100,23.5300,22.6200,23.5200,8524837
2021-10-19,22.6800,22.8400,22.5200,22.8200,5120621
2021-10-18,22.3700,22.7764,22.3400,22.5700,5749871
2021-10-15,22.3200,22.6600,22.1200,22.4300,8112577
2021-10-14,22.0000,22.1300,21.7800,22.1200,7092566
2021-10-13,21.9200,21.9600,21.2200,21.7300,8158311
2021-10-12,21.7600,22.0900,21.6600,22.0500,8263776
2021-10-11,22.1100,22.3850,21.8200,21.8500,5733547
2021-10-08,21.7900,22.1373,21.7282,22.0200,5765510
2021-10-07,21.9000,22.0400,21.7199,21.8500,6513113
2021-10-06,21.7200,21.8400,21.2600,21.7000,6195054
2021-10-05,22.0000,22.1300,21.7300,21.8500,6487982
2021-10-04,21.7000,22.0550,21.7000,21.8200,7658191
2021-10-01,21.4300,21.9100,21.2500,21.7400,6528629
2021-09-30,21.8100,21.8100,21.3000,21.3100,7064624
2021-09-29,21.7500,21.7800,21.5050,21.6900,6598801
2021-09-28,21.9500,21.9800,21.5050,21.5800,8198315
2021-09-27,20.9600,21.8400,20.8600,21.7600,11540307
2021-09-24,20.4100,20.7700,20.3701,20.6500,8713666
2021-09-23,19.7500,20.6100,19.7500,20.4000,12068576
2021-09-22,19.3900,19.7150,19.3550,19.5200,8524661
2021-09-21,19.2500,19.3350,18.9600,19.1100,7401364
2021-09-20,19.2300,19.2850,18.8100,19.1600,10156117
2021-09-17,19.7300,20.0500,19.7300,19.8300,13530182
2021-09-16,19.8700,20.0900,19.7400,19.8400,6693871
2021-09-15,19.5200,19.8800,19.4900,19.8000,6663660
2021-09-14,19.9800,20.0100,19.3350,19.4500,9267582
2021-09-13,19.7500,19.9500,19.5800,19.8900,13102017
2021-09-10,19.8100,19.8800,19.4800,19.5000,10883302
2021-09-09,19.4700,19.9200,19.3900,19.6600,5652358
2021-09-08,19.4700,19.6200,19.2600,19.4900,6932945
2021-09-07,19.7100,20.0950,19.6700,19.6800,5723544
2021-09-03,20.0000,20.1000,19.5750,19.7100,7443565
2021-09-02,20.0100,20.1900,19.9001,20.0400,5763888
2021-09-01,20.4200,20.4700,20.0020,20.1300,10166205
2021-08-31,20.3500,20.6399,20.2900,20.4300,8323747
2021-08-30,20.9100,20.9500,20.3250,20.3400,6570237
2021-08-27,20.6100,21.0750,20.5600,20.9200,7228505
2021-08-26,21.0100,21.0600,20.4350,20.5500,6823479
2021-08-25,20.7100,21.1850,20.5950,20.9300,7007526
2021-08-24,20.3700,20.6400,20.3650,20.6100,7441472
2021-08-23,20.2150,20.4600,20.1000,20.3500,8818022
2021-08-20,19.6700,20.0400,19.5500,20.0300,10723278
2021-08-19,19.5150,19.8402,19.4300,19.6700,11049437
2021-08-18,19.8600,20.2100,19.7450,19.8100,4296605
2021-08-17,20.1000,20.2650,19.7000,19.9400,4183057
2021-08-16,20.3200,20.4750,20.0900,20.3300,4158347
2021-08-13,20.8500,20.9000,20.4300,20.5000,5731778
2021-08-12,20.6200,20.8000,20.4100,20.7900,6365119
2021-08-11,20.2600,20.7100,20.0500,20.6200,7003514
2021-08-10,19.8100,20.2500,19.7700,20.1900,6795669
2021-08-09,19.8300,20.1700,19.6300,19.8900,4779499
2021-08-06,19.8600,20.1800,19.7773,19.9600,5425914
2021-08-05,19.4600,19.6150,19.3900,19.5400,5295062
2021-08-04,19.2600,19.6300,19.2100,19.2800,4527888
2021-08-03,19.3200,19.6650,18.8200,19.6200,5918849
2021-08-02,19.3800,19.8900,19.1100,19.1100,5606380
2021-07-30,19.3900,19.7000,19.1800,19.2500,7369115
2021-07-29,19.6400,19.7800,19.3800,19.5300,5579262
2021-07-28,19.4900,19.6450,19.0400,19.4100,6322552
2021-07-27,19.0700,19.4500,18.9700,19.3900,4869243
2021-07-26,19.2900,19.5200,19.1500,19.3400,5664221
2021-07-23,19.1750,19.7150,18.9698,19.1000,8420918
2021-07-22,19.2600,19.3350,18.8600,18.9600,10334833
2021-07-21,19.0900,19.5300,19.0623,19.2400,8446175
2021-07-20,18.1600,19.1400,18.0200,18.9100,8121180
2021-07-19,18.5100,18.6290,18.0200,18.1400,10147180
2021-07-16,19.8900,19.9100,18.9400,19.0100,8739814
2021-07-15,19.3100,19.8950,19.2100,19.7300,10422780
2021-07-14,19.7200,20.0800,19.2050,19.5000,9286255
2021-07-13,19.9000,20.0700,19.5450,19.7200,7071290
2021-07-12,19.6000,20.1050,19.4100,20.0300,5436253
2021-07-09,19.4200,19.8800,19.2750,19.8700,8324491
2021-07-08,18.9200,19.3450,18.8200,18.9700,10783667
2021-07-07,19.4300,19.6300,19.2500,19.4300,6788635
2021-07-06,20.0900,20.1600,19.5500,19.5800,7910709
2021-07-02,20.3900,20.4800,20.1100,20.2600,4126037
2021-07-01,20.4100,20.5100,20.2050,20.4300,4718671
2021-06-30,20.0000,20.2450,19.9800,20.1800,6498882
2021-06-29,20.6100,20.6900,19.9850,20.0600,6591598
2021-06-28,20.4900,20.4900,20.1400,20.3400,6225342
2021-06-25,20.4800,20.7050,20.3450,20.6000,7740658
2021-06-24,20.1200,20.4300,19.9400,20.3200,5243726
2021-06-23,19.9800,20.2000,19.9250,20.0200,4119933
2021-06-22,19.8200,20.0350,19.5650,19.8800,5417105
2021-06-21,19.5400,19.9800,19.4800,19.8600,6617954
2021-06-18,19.3700,19.6400,19.1550,19.3300,14896393
2021-06-17,21.5900,21.6400,19.7701,19.8200,15610327
2021-06-16,21.1000,21.6200,20.8200,21.4000,7280235
2021-06-15,21.2100,21.5450,21.0100,21.3000,6459567
2021-06-14,21.4700,21.5800,20.9900,21.1800,6615674
2021-06-11,21.3900,21.6300,21.3050,21.5200,5695023
2021-06-10,22.2600,22.3200,21.2600,21.2900,6833466
2021-06-09,22.1700,22.1700,21.8500,21.9000,5509544
2021-06-08,22.2500,22.4150,21.7700,22.3400,10307244
2021-06-07,22.6500,22.6900,22.3500,22.5100,6187161
2021-06-04,22.8800,22.8800,22.4200,22.6300,8759552
2021-06-03,22.9800,23.4500,22.8600,22.9400,9401148
2021-06-02,23.6200,23.6500,23.0201,23.2500,8820713
2021-06-01,23.7500,23.8100,23.5150,23.6200,4862421
2021-05-28,23.4200,23.4600,22.9600,23.4100,7594073
2021-05-27,23.1800,23.4000,23.0207,23.3700,8693891
2021-05-26,22.6100,22.8700,22.4300,22.8300,5005689
2021-05-25,22.9100,23.2200,22.4400,22.4600,5569162
2021-05-24,22.8800,23.0000,22.7000,22.8700,4063858
2021-05-21,22.6700,23.0300,22.5900,22.7600,6462015
2021-05-20,22.6300,22.7600,22.3100,22.5200,4270515
2021-05-19,22.6000,22.6954,22.1800,22.6700,5703193
2021-05-18,23.3900,23.5100,22.8500,22.8800,6208591
2021-05-17,23.1200,23.4300,22.9710,23.4000,6069391
2021-05-14,22.6200,23.3100,22.6000,23.2500,8138396
2021-05-13,21.8100,22.7200,21.7500,22.5600,7777460
2021-05-12,22.7100,22.8300,21.8300,21.8900,6789738
2021-05-11,22.4600,23.0000,22.2300,22.4400,7200274
2021-05-10,23.1000,23.2600,22.6500,22.6500,6131531
2021-05-07,22.2200,22.9100,22.1800,22.8900,5184035
2021-05-06,22.6000,22.7000,22.2450,22.6800,5657364
2021-05-05,22.3500,22.7400,22.1000,22.4900,5449500
2021-05-04,21.6600,22.3400,21.4650,22.3200,8167385
2021-05-03,22.0600,22.1799,21.5650,21.8000,6154083
2021-04-30,21.6900,22.0800,21.6050,21.8000,8753183
2021-04-29,21.6900,21.9700,21.5700,21.9500,7674480
2021-04-28,21.3000,21.5300,21.2600,21.4100,7530157
2021-04-27,21.2100,21.3100,20.9600,21.2300,6626017
2021-04-26,20.7950,21.3400,20.7400,21.1100,8653829
2021-04-23,19.0900,20.7500,19.0900,20.6300,11971896
2021-04-22,20.7100,20.7700,20.2600,20.2900,8567633
2021-04-21,19.8200,20.5600,19.7100,20.5500,6896289
2021-04-20,20.7100,20.8200,19.8900,20.0000,9068214
2021-04-19,21.2000,21.3100,20.8600,20.9000,6321562
2021-04-16,21.2500,21.3550,21.0200,21.2000,5956682
2021-04-15,21.2300,21.2600,20.5450,20.9700,9283146
2021-04-14,20.7800,21.4200,20.7300,21.2300,9291910
2021-04-13,21.2600,21.3000,20.7000,20.8400,9252741
2021-04-12,21.4500,21.5000,21.2308,21.4200,6555843
2021-04-09,21.2500,21.3200,20.9900,21.2300,6675588
2021-04-08,21.0200,21.1100,20.6100,21.0500,5412387
2021-04-07,21.0500,21.2500,20.9450,21.1200,4986981
2021-04-06,20.9200,21.1800,20.8400,21.0800,6360744
2021-04-05,21.3300,21.4900,20.8800,20.9900,8978545
2021-04-01,20.6400,21.1100,20.5900,21.0600,8297607
2021-03-31,20.8500,21.0800,20.6300,20.6600,9146810
2021-03-30,20.6200,21.0950,20.5900,20.9100,7129832
2021-03-29,20.6400,20.6800,20.0550,20.3200,7029186
2021-03-26,21.0800,21.1400,20.6150,21.0000,6685377
2021-03-25,19.9000,20.8300,19.6600,20.7600,7907390
2021-03-24,20.3500,20.6450,19.9200,19.9200,7892570
2021-03-23,20.2200,20.5050,19.9350,20.0600,9890533
2021-03-22,20.9300,20.9550,20.2800,20.4400,9712509
2021-03-19,21.0200,21.4300,20.5800,21.0800,35972974
2021-03-18,21.5700,22.2000,21.3850,21.4600,10846881
2021-03-17,21.1900,21.4400,20.9000,21.1900,9633942
2021-03-16,21.2800,21.3100,20.7200,20.9400,11756555
2021-03-15,21.6900,21.7700,21.2750,21.4600,10245164
2021-03-12,21.7400,21.9200,21.5526,21.8600,7792564
2021-03-11,21.3800,21.7000,21.2400,21.4400,6163625
2021-03-10,21.0400,21.5300,20.9200,21.5100,8383169
2021-03-09,21.0500,21.3400,20.5200,21.0200,9513428
2021-03-08,21.2000,21.8500,20.9300,21.3200,13417845
2021-03-05,20.7300,20.9500,19.7550,20.9100,15265855
2021-03-04,20.8000,21.0400,19.8700,20.2600,16952468
2021-03-03,21.4000,21.7200,20.9800,20.9900,11909979
2021-03-02,21.3200,21.4300,21.0800,21.1100,7403509
2021-03-01,21.1300,21.4700,21.0500,21.3200,7944815
2021-02-26,21.1000,21.2800,20.4900,20.6300,12713032
2021-02-25,22.5300,22.6100,21.2299,21.3200,11430410
2021-02-24,21.3200,22.3200,21.3200,22.2100,11766623
2021-02-23,20.9100,21.2800,20.7300,21.2600,12472210
2021-02-22,20.2900,20.9600,20.2800,20.7100,10787789
2021-02-19,19.8000,20.4200,19.8000,20.3700,8363748
2021-02-18,19.7800,19.8900,19.4125,19.6600,6136719
2021-02-17,20.1400,20.4700,19.8900,20.0200,6361913
2021-02-16,19.8100,20.3200,19.7700,20.2200,8479429
2021-02-12,19.3100,19.7850,19.2400,19.5600,5460450
2021-02-11,19.4500,19.6100,18.9900,19.3400,5560479
2021-02-10,19.6200,19.8000,19.3650,19.4800,7447949
2021-02-09,19.4300,19.5600,19.2500,19.5500,6393696
2021-02-08,19.0300,19.5500,19.0000,19.5400,6693675
2021-02-05,19.1800,19.2500,18.8987,18.9300,6505285
2021-02-04,18.4400,19.1200,18.3900,18.9800,8473587
2021-02-03,17.7500,18.3500,17.7000,18.3400,8066670
2021-02-02,17.5700,17.9300,17.3900,17.7600,6643981
2021-02-01,17.2600,17.3500,16.9400,17.3200,6484723
2021-01-29,17.5500,17.7100,16.8900,17.0100,11010128
2021-01-28,17.3600,17.7281,17.2250,17.6100,10431996
2021-01-27,17.2600,17.6500,17.1100,17.1500,10037187
2021-01-26,17.9400,18.0300,17.6650,17.7500,8197369
2021-01-25,17.4600,17.7900,17.2000,17.7200,9305314
2021-01-22,17.8300,18.2150,17.6150,17.7400,7702551
2021-01-21,18.1200,18.2299,17.6401,17.7900,8288899
2021-01-20,18.3600,18.4000,17.9830,18.1500,7854996
2021-01-19,18.3200,18.4450,18.0400,18.4200,9750116
2021-01-15,18.3100,18.4900,18.0650,18.2300,9273449
2021-01-14,18.3300,18.7100,18.1850,18.6500,7244199
2021-01-13,18.1500,18.2500,17.8500,18.1600,8682412
2021-01-12,18.0000,18.3300,17.7800,18.2600,7753995
2021-01-11,17.3500,17.9250,17.1550,17.8800,9391111
2021-01-08,17.7300,17.7350,17.2100,17.5700,7526894
2021-01-07,17.4600,17.9300,17.4400,17.6600,9326892
2021-01-06,16.7000,17.4900,16.7000,17.2500,13449512
2021-01-05,15.9700,16.4300,15.9150,16.2500,7444832
2021-01-04,16.2700,16.2901,15.7200,15.9500,7872818
2020-12-31,15.9000,16.1400,15.7700,16.1200,4764706
2020-12-30,15.8000,16.0000,15.7900,15.9300,3726347
2020-12-29,16.0000,16.0000,15.7000,15.7500,4173042
2020-12-28,16.0900,16.2000,15.9100,15.9600,4879247
2020-12-24,16.0100,16.0250,15.6900,15.9500,2588204
2020-12-23,15.5600,16.0800,15.5200,15.9400,5870926
2020-12-22,15.6100,15.6600,15.4200,15.4300,6299179
2020-12-21,15.3700,15.7200,15.1600,15.5400,10235725
2020-12-18,15.5400,15.6150,15.0950,15.2600,15145052
2020-12-17,15.6100,15.6300,15.2900,15.5600,10842016
2020-12-16,15.4000,15.6300,15.3300,15.6000,9109218
2020-12-15,15.2900,15.4100,15.0800,15.3800,8567616
2020-12-14,15.8200,15.8200,15.0700,15.1500,8948768
2020-12-11,15.5900,15.6500,15.3600,15.5400,8628329
2020-12-10,15.7300,15.8850,15.6000,15.8500,10552517
2020-12-09,16.0800,16.1100,15.7200,15.8700,9757816
2020-12-08,15.8700,16.0950,15.7700,15.9500,8927002
2020-12-07,16.1100,16.1300,15.8500,15.9700,7397569
2020-12-04,16.1800,16.3500,16.0000,16.1700,16112137
2020-12-03,16.0400,16.1400,15.7950,16.0300,14249682
2020-12-02,15.7300,16.2100,15.6050,16.1700,9168967
2020-12-01,15.6900,16.0500,15.6000,15.8700,8853422
2020-11-30,15.9500,15.9600,15.2400,15.2700,12087738
2020-11-27,15.7500,15.9500,15.5000,15.6200,3711064
2020-11-25,15.8800,15.8900,15.6100,15.7500,6104389
2020-11-24,15.9000,16.2250,15.6700,16.0900,12362818
2020-11-23,15.3600,15.5350,15.2800,15.3900,5890826
2020-11-20,15.3000,15.3190,14.9800,15.1100,6151842
2020-11-19,15.2700,15.4800,15.0300,15.4600,5775786
2020-11-18,15.6800,15.8800,15.3750,15.4100,7031342
2020-11-17,15.3200,15.6450,15.1800,15.6200,9589208
2020-11-16,15.5700,15.7900,15.3700,15.6100,9783820
2020-11-13,14.6000,14.9700,14.5700,14.9000,6050125
2020-11-12,14.5500,14.7300,14.1900,14.4200,8837425
2020-11-11,15.2600,15.2880,14.6400,14.8700,8738698
2020-11-10,15.3900,15.4500,15.0000,15.2300,10972995
2020-11-09,14.2400,15.6000,14.2300,15.2200,22576679
2020-11-06,13.6500,13.7200,12.9800,13.0500,10748122
2020-11-05,13.1700,13.9775,13.1700,13.6800,10522916
2020-11-04,13.6200,13.6200,12.8850,13.1300,10892776
2020-11-03,14.0600,14.1500,13.8600,14.0300,8472937
2020-11-02,13.5400,13.8000,13.2200,13.7600,7507413
2020-10-30,13.1500,13.3500,13.0000,13.3000,7247895
2020-10-29,12.6400,13.3200,12.5200,13.2000,8177438
2020-10-28,12.6300,12.9400,12.5900,12.7300,9612093
2020-10-27,13.3100,13.3164,12.9000,12.9000,8385536
2020-10-26,13.5900,13.6200,13.2700,13.3500,9455553
2020-10-23,13.9300,14.0400,13.6100,13.7800,9295269
2020-10-22,12.8200,13.8200,12.7400,13.8000,15868849
2020-10-21,12.9500,13.1299,12.7300,12.7900,9093294
2020-10-20,12.7500,13.3700,12.6800,12.9400,16365487
2020-10-19,12.6000,12.6400,12.3200,12.3400,6513278
2020-10-16,12.5400,12.6200,12.2650,12.4700,6503785
2020-10-15,12.1400,12.6000,12.1000,12.5400,7103762
2020-10-14,12.4900,12.5850,12.2450,12.2500,7819975
2020-10-13,12.8900,12.9000,12.4500,12.4900,6629201
2020-10-12,12.7800,12.9800,12.7150,12.9500,5145375
2020-10-09,13.0600,13.1300,12.7000,12.7900,6694460
2020-10-08,12.8300,13.0500,12.6650,13.0400,10066229
2020-10-07,12.6100,12.9300,12.5400,12.7100,7868605
2020-10-06,12.7700,12.9950,12.3200,12.3900,9982567
2020-10-05,12.1200,12.5800,12.1000,12.5700,8103539
2020-10-02,11.3400,12.0300,11.3000,11.9500,8072340
2020-10-01,11.5400,11.6550,11.3800,11.5300,7672731
2020-09-30,11.4700,11.7050,11.3500,11.5300,9506965
2020-09-29,11.4100,11.5700,11.1900,11.3700,7784759
2020-09-28,11.3000,11.5300,11.2336,11.5100,9044363
2020-09-25,10.6600,11.0500,10.6000,11.0000,6619139
2020-09-24,10.8100,11.0350,10.6100,10.7600,6390739
2020-09-23,11.1000,11.3600,10.7400,10.7500,7301286
2020-09-22,11.3000,11.4700,10.9800,11.0400,8993671
2020-09-21,11.5200,11.7450,11.1800,11.3100,8490557
2020-09-18,11.9200,12.0550,11.8100,11.9100,12367638
2020-09-17,11.9000,12.1200,11.8400,12.0300,8007335
2020-09-16,11.9800,12.3200,11.9000,12.0900,8277098
2020-09-15,12.1200,12.1400,11.7550,11.9800,7992796
2020-09-14,11.6400,12.0800,11.5900,12.0600,6420725
2020-09-11,11.2700,11.5700,11.2000,11.5200,6161112
2020-09-10,11.5600,11.7900,11.2300,11.2400,6968120
2020-09-09,11.4800,11.5500,11.3300,11.4600,6218951
2020-09-08,11.5800,11.6400,11.2800,11.3700,7351275
2020-09-04,11.8400,11.9850,11.5200,11.8000,6025142
2020-09-03,11.7700,12.1100,11.4700,11.5300,7846721
2020-09-02,11.5700,11.8400,11.5000,11.7900,6862838
2020-09-01,11.4500,11.7200,11.3700,11.6300,5897404
2020-08-31,11.7200,11.7300,11.5300,11.5600,7327658
2020-08-28,11.7500,11.7900,11.6250,11.7100,4964791
2020-08-27,11.4000,11.7600,11.3700,11.7000,6175631
2020-08-26,11.6300,11.6800,11.3650,11.3800,5936594
2020-08-25,11.7400,11.9000,11.5105,11.6800,8049847
2020-08-24,11.0900,11.5400,11.0000,11.5400,5806287
2020-08-21,11.0300,11.1500,10.9000,10.9700,5334471
2020-08-20,11.2500,11.3000,11.0700,11.0800,5384674
2020-08-19,11.3500,11.5800,11.2650,11.4200,5046956
2020-08-18,11.6700,11.6700,11.3300,11.3700,5079649
2020-08-17,11.6200,11.7550,11.5000,11.6700,9334392
2020-08-14,11.5000,11.8950,11.4700,11.7700,5124520
2020-08-13,11.6900,11.7353,11.5450,11.6200,6540515
2020-08-12,12.1800,12.3100,11.5000,11.9200,11645015
2020-08-11,11.8500,12.3100,11.8500,11.9300,10987088
2020-08-10,11.2800,11.6700,11.2700,11.5000,6379991
2020-08-07,10.7100,11.2700,10.6842,11.2600,7677409
2020-08-06,10.8500,10.9650,10.7400,10.8400,6168606
2020-08-05,10.8600,10.9800,10.8034,10.9300,5625835
2020-08-04,10.7600,10.8361,10.6600,10.7000,6312860
2020-08-03,10.8700,10.9350,10.6900,10.7600,6466343
2020-07-31,10.7000,10.8600,10.5701,10.8600,11041728
2020-07-30,10.6400,10.7600,10.4500,10.7500,5714150
2020-07-29,10.5300,11.0400,10.4450,11.0400,9914134
2020-07-28,10.5400,10.6700,10.4900,10.5400,9091337
2020-07-27,10.8100,10.8200,10.5600,10.6100,9275300
2020-07-24,11.1000,11.2100,10.8600,10.9200,6263431
2020-07-23,10.7300,11.1200,10.7150,11.0400,6922667
2020-07-22,10.6800,10.8900,10.6400,10.8000,9561909
2020-07-21,10.3400,10.8700,10.3400,10.8000,10967320
2020-07-20,10.2000,10.4300,10.1700,10.2300,8704748
2020-07-17,10.6500,10.6900,10.2700,10.3200,17499980
2020-07-16,10.5900,10.9900,10.5000,10.8000,9134752
2020-07-15,10.5600,10.7700,10.4100,10.7300,9049840
2020-07-14,10.4100,10.4700,10.0700,10.2100,10073530
2020-07-13,10.5100,10.6300,10.1500,10.4800,9926238
2020-07-10,9.8300,10.3100,9.8000,10.2900,10660893
2020-07-09,10.2900,10.3600,9.7900,9.8300,10367808
2020-07-08,10.3000,10.4900,10.1100,10.3400,9498640
2020-07-07,10.6400,10.6800,10.3100,10.3300,9072830
2020-07-06,10.8500,11.0900,10.5900,10.8000,9381975
2020-07-02,10.9200,11.1500,10.5300,10.6000,13439231
2020-07-01,11.1000,11.2000,10.5400,10.6300,12517609
2020-06-30,10.7500,11.2200,10.7200,11.1200,14251770
2020-06-29,10.8800,11.0700,10.6900,10.8600,9390123
2020-06-26,11.3000,11.3700,10.6000,10.6500,14589719
2020-06-25,11.2000,11.6900,11.1400,11.6500,10895301
2020-06-24,11.8000,11.8500,11.2700,11.2800,9584197
2020-06-23,12.3600,12.4800,11.9900,12.0100,9599749
2020-06-22,11.9200,12.2900,11.8300,12.0800,7720836
2020-06-19,12.6500,12.6500,11.9200,12.0000,51154711
2020-06-18,12.1700,12.7000,12.0700,12.3600,9722539
2020-06-17,12.6600,12.7400,12.3100,12.3600,9961856
2020-06-16,12.8900,12.9500,12.2300,12.5800,11065653
2020-06-15,11.4200,12.2900,11.2900,12.1600,12572504
2020-06-12,12.1500,12.1500,11.3900,11.9000,11041263
2020-06-11,11.6200,12.0700,11.3300,11.4000,11101694
2020-06-10,13.2600,13.3200,12.6200,12.6600,11721532
2020-06-09,13.2200,13.6400,13.0300,13.4600,10765755
2020-06-08,13.7800,13.9800,13.4900,13.8400,8901895
2020-06-05,14.0000,14.2500,13.1800,13.3300,14604538
2020-06-04,12.1400,12.9300,11.9700,12.9300,14364949
2020-06-03,12.1000,12.4900,12.0000,12.3100,11357747
2020-06-02,11.7100,11.9500,11.5500,11.7000,10844499
2020-06-01,11.3500,11.6300,11.2600,11.4800,8730085
2020-05-29,11.2000,11.5000,11.0800,11.3100,19646261
2020-05-28,12.1600,12.2200,11.4500,11.5000,12227351
2020-05-27,11.6100,12.0000,11.3500,11.9800,15818849
2020-05-26,10.4900,11.1900,10.4200,10.9600,13326327
2020-05-22,9.9800,10.1400,9.7600,9.9500,6787261
2020-05-21,10.0000,10.2800,9.9100,9.9400,7991193
2020-05-20,9.8600,10.1200,9.8400,10.0500,9017505
2020-05-19,9.8700,10.0300,9.5900,9.6400,9638943
2020-05-18,9.6900,10.1100,9.6200,10.0300,10766421
2020-05-15,9.2000,9.3700,9.0100,9.1900,9175967
2020-05-14,8.6300,9.4800,8.4100,9.3400,16510973
2020-05-13,9.2400,9.3000,8.7200,8.9200,14003142
2020-05-12,9.9100,10.0400,9.3200,9.3200,10202708
2020-05-11,10.1400,10.1400,9.6600,9.8100,10959657
2020-05-08,10.1700,10.3800,10.0100,10.3200,7561558
2020-05-07,9.8100,10.1800,9.7700,9.8500,9975680
2020-05-06,10.1200,10.2100,9.6200,9.6500,8733734
2020-05-05,10.4600,10.5800,9.9300,9.9800,8153460
2020-05-04,9.9300,10.1900,9.7900,10.1600,6483235
2020-05-01,10.3900,10.4300,10.0400,10.1700,6816546
2020-04-30,10.8600,10.9900,10.5500,10.7500,9880914
2020-04-29,11.1900,11.4600,11.0100,11.2600,11707284
2020-04-28,11.0000,11.1900,10.6000,10.6900,11180787
2020-04-27,9.9000,10.5800,9.7000,10.4800,14232486
2020-04-24,9.5200,10.0000,9.4000,9.7900,16855583
2020-04-23,9.1900,9.5200,9.1600,9.4200,12417404
2020-04-22,9.1500,9.3000,9.0200,9.0900,11046714
2020-04-21,9.0300,9.2900,8.7800,8.8800,15520425
2020-04-20,9.2100,9.7500,8.9100,9.4000,11453009
2020-04-17,9.0100,9.7100,8.7700,9.5200,16875708
2020-04-16,9.2200,9.2500,8.7500,8.8500,15691367
2020-04-15,9.4900,9.6500,9.2600,9.2900,13269711
2020-04-14,10.8500,10.9800,9.8900,10.1200,16539519
2020-04-13,11.0100,11.0700,10.3800,10.6700,11631636
2020-04-09,10.5000,11.2200,10.4600,11.0100,16772482
2020-04-08,9.5600,10.2100,9.5300,10.1100,10879701
2020-04-07,9.6700,9.9300,9.3200,9.3900,14329548
2020-04-06,8.6100,8.9800,8.4000,8.8800,15988641
2020-04-03,8.3600,8.4400,7.9000,8.0700,14772803
2020-04-02,8.1700,8.7400,8.0300,8.3900,14035984
2020-04-01,8.3600,8.6400,8.0600,8.3000,14045187
2020-03-31,9.3700,9.4500,8.8500,8.9700,15353812
2020-03-30,9.5400,9.7100,9.1400,9.5000,11632579
2020-03-27,9.2400,10.1000,9.2200,9.6700,12732610
2020-03-26,8.8500,9.9700,8.8200,9.8500,17774494
2020-03-25,9.0500,9.2000,8.5300,8.7300,18084431
2020-03-24,8.3100,9.0500,8.1800,8.8500,15557273
2020-03-23,8.1300,8.3500,7.6000,7.7200,17455372
2020-03-20,8.4000,8.7600,7.8700,8.2600,23045628
2020-03-19,7.2600,8.4600,6.9400,8.2800,15534013
2020-03-18,8.2800,8.7000,7.2900,7.3600,18002353
2020-03-17,8.4700,9.2700,7.9200,8.8800,23494793
2020-03-16,8.5200,8.7700,8.1300,8.3100,20269135
2020-03-13,10.3800,10.5800,9.5800,9.9800,27997502
2020-03-12,9.7800,10.3800,9.2000,9.4600,18787907
2020-03-11,11.0500,11.2500,10.4400,10.6900,25917675
2020-03-10,11.0400,11.5100,10.5100,11.4700,17010502
2020-03-09,11.4500,11.7000,10.2500,10.4700,23467894
2020-03-06,13.0700,13.5400,12.7300,12.9800,21487729
2020-03-05,13.8300,14.1000,13.6900,13.8100,24354299
2020-03-04,14.2800,14.6200,14.0500,14.5500,20535229
2020-03-03,14.4500,14.7700,13.9700,14.0900,32399416
2020-03-02,13.6300,14.5300,13.4000,14.5100,23704207
2020-02-28,13.4600,13.8600,13.1700,13.5200,28618379
2020-02-27,14.1900,14.5000,13.7900,13.8500,15071280
2020-02-26,14.9400,15.1500,14.5500,14.5800,11377715
2020-02-25,15.7300,15.7600,14.7000,14.7900,15818382
2020-02-24,15.7400,15.9000,15.7100,15.7300,10858749
2020-02-21,16.4200,16.4500,16.1800,16.3300,12312659
2020-02-20,16.3400,16.6900,16.3400,16.5400,9131266
2020-02-19,16.4100,16.4800,16.3400,16.4300,5140529
2020-02-18,16.4200,16.5200,16.1400,16.3100,9829954
2020-02-14,16.5500,16.5800,16.4200,16.5400,5911558
2020-02-13,16.3900,16.6100,16.3100,16.6000,4604443
2020-02-12,16.5400,16.7100,16.3600,16.4700,5081877
2020-02-11,16.3500,16.5900,16.3200,16.4100,6629585
2020-02-10,16.2500,16.3000,16.1300,16.2800,8848625
2020-02-07,16.2200,16.3400,16.1600,16.3200,6312749
2020-02-06,16.7200,16.7700,16.3200,16.3500,10912444
2020-02-05,16.4400,16.6800,16.3800,16.5700,8967110
2020-02-04,16.1000,16.3100,16.0200,16.2600,18884932
2020-02-03,15.7100,15.9500,15.6900,15.8600,11277282
2020-01-31,15.4000,15.5900,15.3600,15.5700,24895916
2020-01-30,15.2300,15.6600,15.1200,15.6100,13674136
2020-01-29,15.5700,15.6800,15.3600,15.4000,8071140
2020-01-28,15.5700,15.7500,15.4600,15.5300,10869685
2020-01-27,15.3600,15.5500,15.3200,15.4500,13732497
2020-01-24,16.1300,16.1700,15.5900,15.7200,6501886
2020-01-23,16.1500,16.2000,15.9500,16.1700,7057008
2020-01-22,16.3200,16.3200,16.1800,16.2200,8444446
2020-01-21,16.2900,16.3800,16.1200,16.2500,10804376
2020-01-17,16.7000,16.7500,16.2000,16.3900,17323431
2020-01-16,16.4300,16.6700,16.3900,16.6500,14892963
2020-01-15,16.3100,16.4300,16.1800,16.3100,12845034
2020-01-14,16.4400,16.5900,16.4000,16.4900,10616304
2020-01-13,16.4000,16.4500,16.3000,16.4400,6571142
2020-01-10,16.5500,16.5800,16.2900,16.3500,6160418
2020-01-09,16.5800,16.5800,16.4400,16.5500,7596524
2020-01-08,16.3700,16.5800,16.3500,16.4500,7741797
2020-01-07,16.5000,16.5300,16.2800,16.3500,9239116
2020-01-06,16.5700,16.6000,16.4400,16.5800,7570504
2020-01-03,16.8200,16.8800,16.6300,16.7700,8382631
2020-01-02,17.2600,17.3000,17.0100,17.0900,8972187
2019-12-31,17.1400,17.2200,17.0600,17.1600,6540441
2019-12-30,17.2700,17.3000,17.0900,17.1200,5555766
2019-12-27,17.3300,17.3300,17.0900,17.1600,6065198
2019-12-26,17.2300,17.2800,17.1600,17.2600,4234065
2019-12-24,17.1900,17.2200,17.1100,17.2000,3147707
2019-12-23,17.2700,17.2800,17.1100,17.1700,7879562
2019-12-20,17.3900,17.4500,17.2000,17.2500,17360810
2019-12-19,17.3300,17.3900,17.1900,17.3000,7615444
2019-12-18,17.5000,17.5200,17.3100,17.3300,10374514
2019-12-17,17.2800,17.4300,17.2000,17.4300,9671594
2019-12-16,17.4400,17.5400,17.2200,17.2400,9052203
2019-12-13,17.3800,17.4900,17.0500,17.1700,8754387
2019-12-12,16.8700,17.4500,16.8500,17.4200,10356770
2019-12-11,16.9700,17.1200,16.8400,16.8400,8454670
2019-12-10,17.0400,17.1700,16.9600,17.0000,9382039
2019-12-09,16.9800,17.1500,16.9500,17.0700,8621765
2019-12-06,16.9300,17.0800,16.8900,17.0400,9919951
2019-12-05,16.6300,16.7400,16.5800,16.6800,11004856
2019-12-04,16.5100,16.7800,16.4500,16.6800,9094741
2019-12-03,16.3300,16.4700,16.1000,16.4200,9957554
2019-12-02,16.7100,16.8300,16.5700,16.6100,7290697
2019-11-29,16.7600,16.7900,16.6300,16.6400,3348234
2019-11-27,16.7000,16.7900,16.6400,16.7400,5238076
2019-11-26,16.7500,16.8100,16.5900,16.5900,8049822
2019-11-25,16.7000,16.8400,16.6300,16.8400,7250736
2019-11-22,16.5800,16.8000,16.5400,16.6700,5918405
2019-11-21,16.5100,16.5500,16.2900,16.4900,6462841
2019-11-20,16.4500,16.5700,16.2600,16.4100,7018498
2019-11-19,16.6400,16.7000,16.4500,16.5200,5926951
2019-11-18,16.5000,16.5800,16.4000,16.5800,9655145
2019-11-15,16.5300,16.6400,16.4800,16.5200,8153066
2019-11-14,16.3500,16.4700,16.2600,16.4400,8075251
2019-11-13,16.4500,16.5300,16.3000,16.4100,7586058
2019-11-12,16.6800,16.8700,16.5700,16.6900,10035472
2019-11-11,16.6600,16.8400,16.6600,16.7700,7260451
2019-11-08,16.8900,16.9500,16.7700,16.8800,6690696
2019-11-07,17.2500,17.3100,16.8900,16.9100,14247823
2019-11-06,17.0500,17.2000,16.9100,17.0600,7188056
2019-11-05,17.0300,17.3500,17.0300,17.2000,8382048
2019-11-04,16.6600,17.0000,16.6600,16.9900,10367206
2019-11-01,16.3100,16.5500,16.2000,16.5500,8110612
2019-10-31,16.1300,16.2700,15.8300,16.1000,8206108
2019-10-30,16.4300,16.4300,16.1500,16.2700,7243446
2019-10-29,16.4100,16.6000,16.4000,16.4700,8535782
2019-10-28,16.5400,16.7500,16.3900,16.5200,9964334
2019-10-25,16.1300,16.4200,16.1200,16.4000,6814936
2019-10-24,16.2900,16.3500,16.0700,16.1800,6674958
2019-10-23,16.1900,16.3500,16.0800,16.2800,7951383
2019-10-22,15.7900,16.4800,15.3600,16.2200,18765338
2019-10-21,15.9500,16.1300,15.9500,16.0700,9033525
2019-10-18,15.5400,15.8500,15.4900,15.7700,14813505
2019-10-17,15.6700,15.6900,15.4500,15.5400,7941731
2019-10-16,15.6800,15.7900,15.4900,15.5300,7695000
2019-10-15,15.4600,15.7300,15.3600,15.6100,8491310
2019-10-14,15.2900,15.4500,15.2400,15.3900,7120317
2019-10-11,15.4900,15.6500,15.4100,15.4300,9810648
2019-10-10,15.0300,15.2200,14.9900,15.1100,10367220
2019-10-09,15.0300,15.0400,14.8100,14.9100,10410147
2019-10-08,15.0700,15.1300,14.8800,14.8900,10581979
2019-10-07,15.3900,15.5900,15.3100,15.3800,6969709
2019-10-04,15.2400,15.4100,15.1000,15.3900,9280773
2019-10-03,15.0800,15.2400,14.7700,15.2300,11720442
2019-10-02,15.2800,15.3900,15.0700,15.1600,8322759
2019-10-01,15.9500,16.0800,15.3300,15.4300,11039987
2019-09-30,15.9800,16.0500,15.8100,15.8200,7300958
2019-09-27,16.0200,16.2900,15.8600,15.9600,7700715
2019-09-26,15.9900,16.0600,15.8700,15.8900,6678742
2019-09-25,15.9100,16.1300,15.8500,16.0400,5655798
2019-09-24,16.0200,16.0800,15.7400,15.8500,8523016
2019-09-23,15.7900,16.1500,15.7700,16.0500,6375092
2019-09-20,16.1700,16.2400,15.9400,15.9600,14558325
2019-09-19,16.3000,16.3900,16.1100,16.1200,8220636
2019-09-18,16.1100,16.4500,16.0300,16.3500,12909867
2019-09-17,16.2800,16.3300,16.0000,16.2600,8396657
2019-09-16,16.1100,16.4700,16.1100,16.4400,7587624
2019-09-13,16.5000,16.6800,16.3000,16.3500,9920920
2019-09-12,16.0300,16.4000,15.8100,16.2500,11308925
2019-09-11,16.0200,16.3200,15.7400,16.2400,14677913
2019-09-10,15.5400,16.0600,15.5100,16.0100,16533946
2019-09-09,15.0000,15.6100,14.9700,15.4500,15552216
2019-09-06,14.7800,14.9900,14.7700,14.8500,8471485
2019-09-05,14.6000,14.9600,14.5700,14.8100,10269437
2019-09-04,14.4600,14.5000,14.3400,14.4400,8039534
2019-09-03,14.4900,14.4900,14.1300,14.2600,11341863
2019-08-30,14.5900,14.8000,14.5500,14.6200,10389787
2019-08-29,14.2600,14.5700,14.2500,14.4700,11275242
2019-08-28,13.7500,14.2000,13.7500,14.1000,8027867
2019-08-27,14.1000,14.1400,13.7500,13.8500,9420649
2019-08-26,13.9300,14.0400,13.8100,14.0300,9585189
2019-08-23,14.1300,14.3700,13.7300,13.7900,12282810
2019-08-22,14.2500,14.3600,14.1700,14.2500,7886700
2019-08-21,14.1800,14.2100,14.0100,14.1300,9295490
2019-08-20,14.1500,14.1800,13.9400,14.0000,9089737
2019-08-19,14.3600,14.4000,14.2200,14.2600,10728471
2019-08-16,13.7100,14.1000,13.7100,14.0900,10048796
2019-08-15,13.7200,13.8000,13.5000,13.5700,14858670
2019-08-14,13.8900,13.8900,13.5200,13.6600,15820284
2019-08-13,14.2200,14.6000,14.0900,14.2700,15470933
2019-08-12,14.4600,14.5100,14.2700,14.3000,11786169
2019-08-09,14.6500,14.7600,14.4900,14.6700,10523184
2019-08-08,14.6600,14.7900,14.5500,14.7200,10345977
2019-08-07,14.3100,14.5600,14.1300,14.4800,12902384
2019-08-06,14.7000,14.7800,14.3900,14.7500,9397632
2019-08-05,14.9400,15.0100,14.4100,14.5600,15374504
2019-08-02,15.2200,15.3800,14.9800,15.3300,18300448
2019-08-01,15.8700,15.9700,15.1600,15.2300,21792795
2019-07-31,15.9900,16.1300,15.8900,15.9300,24490727
2019-07-30,15.6400,16.0700,15.6400,16.0500,9996063
2019-07-29,16.0000,16.1400,15.8100,15.8100,9066652
2019-07-26,15.7700,16.0700,15.7000,16.0400,8698247
2019-07-25,15.9200,16.1000,15.7100,15.7200,10657991
2019-07-24,15.5100,16.0200,15.5100,15.9500,10728611
2019-07-23,15.1300,15.5700,15.0700,15.5700,14569474
2019-07-22,15.1600,15.2300,15.0300,15.1200,12781936
2019-07-19,14.9500,15.3900,14.9000,15.1300,20534297
2019-07-18,14.7300,14.9700,14.6600,14.7900,14775555
2019-07-17,14.8600,14.9100,14.6800,14.7100,13526580
2019-07-16,15.0100,15.0900,14.8500,14.9400,9638330
2019-07-15,15.2800,15.2800,14.9200,14.9800,7089689
2019-07-12,15.2400,15.2900,15.0800,15.2200,8218293
2019-07-11,15.0400,15.2800,14.9500,15.2300,11461975
2019-07-10,15.3100,15.3300,15.0200,15.0600,9594869
2019-07-09,15.0200,15.3400,14.9700,15.3100,8772789
2019-07-08,15.0700,15.2300,15.0400,15.1300,7110683
2019-07-05,15.2100,15.4500,15.1700,15.2100,6919753
2019-07-03,14.9400,15.0800,14.8600,15.0700,4881124
2019-07-02,15.0600,15.2200,14.7600,14.8600,13825981
2019-07-01,15.0300,15.2600,14.9500,15.0700,10055529
2019-06-28,14.8500,15.0000,14.5300,14.9400,14479648
2019-06-27,14.5000,14.6600,14.4900,14.5800,6418051
2019-06-26,14.4600,14.6300,14.4100,14.4300,10209890
2019-06-25,14.5400,14.5400,14.2600,14.3900,13636157
2019-06-24,14.5900,14.7900,14.4900,14.5100,7547559
2019-06-21,14.5500,14.8500,14.5500,14.6300,14843011
2019-06-20,14.6300,14.6500,14.2000,14.6000,12600018
2019-06-19,14.9600,15.1200,14.5100,14.5700,12878941
2019-06-18,14.3000,14.8800,14.2400,14.8700,12792867
2019-06-17,14.5900,14.6800,14.3100,14.3400,6571789
2019-06-14,14.5100,14.6400,14.2800,14.5900,8641145
2019-06-13,14.3100,14.5900,14.3100,14.4900,8375347
2019-06-12,14.4200,14.5300,14.1800,14.2400,11328266
2019-06-11,14.1700,14.6200,14.1200,14.4700,19846532
2019-06-10,14.0700,14.2800,13.9700,13.9900,18697834
2019-06-07,13.9700,14.0000,13.7600,13.8800,10667585
2019-06-06,14.0200,14.1300,13.8700,14.0400,7472262
2019-06-05,14.3200,14.3600,13.9700,14.1700,11370984
2019-06-04,14.2300,14.3850,14.1800,14.3300,13023795
2019-06-03,13.7700,14.0900,13.7100,13.9800,9541326
2019-05-31,13.8000,13.9600,13.7000,13.8300,12063619
2019-05-30,14.2300,14.3100,13.9200,14.0600,17110599
2019-05-29,13.8200,14.2100,13.7500,14.1500,15942012
2019-05-28,14.1100,14.1800,13.9300,13.9400,11569277
2019-05-24,14.1400,14.2500,14.0500,14.1900,7565650
2019-05-23,14.2300,14.2700,13.9500,14.0700,9739731
2019-05-22,14.4200,14.5100,14.3000,14.4100,6737864
2019-05-21,14.5400,14.6500,14.5000,14.5600,9834246
2019-05-20,14.3700,14.5800,14.3600,14.4700,6674896
2019-05-17,14.3400,14.6600,14.3400,14.4000,7831255
2019-05-16,14.5000,14.6900,14.4400,14.5200,8463429
2019-05-15,14.3300,14.4200,14.0600,14.3200,9969817
2019-05-14,14.4000,14.6600,14.2800,14.5400,12432299
2019-05-13,14.8100,14.8100,14.3200,14.3400,12062551
2019-05-10,14.8400,15.0900,14.7200,15.0500,10096546
2019-05-09,14.7200,15.0100,14.6600,14.9300,11748951
2019-05-08,15.0500,15.1300,14.9300,14.9500,10188241
2019-05-07,15.2200,15.2500,15.0200,15.1100,9399746
2019-05-06,15.2200,15.5400,15.1900,15.3900,9871482
2019-05-03,15.4800,15.6500,15.4100,15.5800,9322936
2019-05-02,15.2000,15.5000,15.1700,15.4300,12809168
2019-05-01,15.5700,15.6900,15.1100,15.1700,17403755
2019-04-30,15.7300,15.7800,15.4100,15.5300,11317494
2019-04-29,15.6400,15.9100,15.6100,15.6800,8853146
2019-04-26,15.4900,15.6000,15.3600,15.5500,8729574
2019-04-25,15.2300,15.6500,15.1900,15.4700,11916643
2019-04-24,15.2300,15.4300,15.0400,15.3800,18523682
2019-04-23,15.0600,15.4100,14.8400,15.3700,23356735
2019-04-22,15.1800,15.3300,15.0600,15.2400,15552364
2019-04-18,15.8500,15.8500,15.0500,15.2500,24412296
2019-04-17,15.6500,15.7900,15.5200,15.7600,13784817
2019-04-16,15.3800,15.6000,15.1800,15.5600,13591443
2019-04-15,15.6500,15.6600,15.2300,15.2600,11748198
2019-04-12,15.4600,15.7100,15.2500,15.6000,9762843
2019-04-11,15.2000,15.3500,15.0600,15.2100,8237016
2019-04-10,15.0000,15.1300,14.8200,15.1200,7454999
2019-04-09,15.1100,15.1600,14.9000,15.0000,8770359
2019-04-08,15.0500,15.3300,15.0400,15.2400,9973404
2019-04-05,15.1500,15.2400,14.9800,15.1400,8871092
2019-04-04,14.8200,15.1700,14.7900,15.1000,10009480
2019-04-03,15.0500,15.2800,14.8500,14.8700,16022697
2019-04-02,14.6600,14.9400,14.5500,14.8400,12535561
2019-04-01,14.3300,14.7200,14.3200,14.6700,15469263
2019-03-29,14.3600,14.4000,14.0800,14.1500,11975563
2019-03-28,14.0200,14.1900,13.8800,14.1700,10337831
2019-03-27,13.8900,14.0600,13.7800,13.9700,17025604
2019-03-26,13.6400,13.9500,13.6100,13.9300,21078871
2019-03-25,13.6400,13.8500,13.3800,13.5300,18113104
2019-03-22,14.2900,14.2900,13.4200,13.5300,29240050
2019-03-21,14.9000,14.9000,14.4000,14.4300,26932410
2019-03-20,15.5500,15.6300,14.9500,14.9600,12457725
2019-03-19,16.0900,16.1300,15.6000,15.6300,10236977
2019-03-18,15.8800,16.0600,15.8100,15.9700,10486753
2019-03-15,15.7800,15.9300,15.7300,15.7400,12812465
2019-03-14,15.8200,15.9600,15.7700,15.7900,7636737
2019-03-13,15.6400,15.9000,15.5900,15.8100,8269700
2019-03-12,15.6200,15.7800,15.5200,15.6200,11137537
2019-03-11,15.5600,15.6800,15.4400,15.5700,6703415
2019-03-08,15.2600,15.5200,15.2100,15.4700,8707737
2019-03-07,15.5700,15.5900,15.3100,15.4200,11657987
2019-03-06,16.0500,16.1400,15.7600,15.7700,13099405
2019-03-05,16.1600,16.2000,15.8200,16.1100,12362191
2019-03-04,16.3200,16.5200,16.0500,16.1600,11493846
2019-03-01,16.5600,16.7200,16.2900,16.3100,14202875
2019-02-28,16.5700,16.5900,16.3500,16.4000,14091336
2019-02-27,16.2200,16.6300,16.2200,16.5700,21573864
2019-02-26,16.2700,16.4300,16.1000,16.2000,10640495
2019-02-25,16.3500,16.5500,16.3300,16.3700,11865068
2019-02-22,16.2900,16.3000,16.0750,16.2400,10314235
2019-02-21,16.4200,16.4200,16.1400,16.2500,8124364
2019-02-20,16.0900,16.4100,16.0400,16.3600,9050804
2019-02-19,15.9400,16.2000,15.8700,16.1400,9295990
2019-02-15,15.7100,16.0300,15.6200,16.0000,9929153
2019-02-14,15.4300,15.6300,15.2800,15.5100,8650599
2019-02-13,15.5400,15.6500,15.4600,15.5900,8963954
2019-02-12,15.5200,15.7100,15.4500,15.4700,15124468
2019-02-11,15.5100,15.5700,15.3600,15.3600,12147954
2019-02-08,15.4800,15.5700,15.2400,15.4400,12905879
2019-02-07,15.8700,16.2600,15.3200,15.5100,32773456
2019-02-06,15.3200,15.5000,15.2600,15.4100,7507669
2019-02-05,15.4500,15.5200,15.3100,15.4100,7942732
2019-02-04,15.3200,15.5300,15.2200,15.4700,8603450
2019-02-01,15.2200,15.5000,15.1600,15.3300,12146572
2019-01-31,15.3300,15.4400,14.9300,15.1700,19708286
2019-01-30,15.5600,15.7200,15.4200,15.4300,11223886
2019-01-29,15.6800,15.8100,15.5200,15.5300,12582412
2019-01-28,15.5700,15.7300,15.5000,15.6800,9985408
2019-01-25,15.6800,15.7800,15.5100,15.6500,10185676
2019-01-24,15.2800,15.5900,15.2500,15.5100,14425872
2019-01-23,15.6500,15.7200,15.2400,15.3700,12494856
2019-01-22,15.5900,15.7550,15.4400,15.5900,16134182
2019-01-18,15.5000,15.7600,14.9600,15.7000,21818660
2019-01-17,15.3000,15.6500,15.1500,15.6100,13514333
2019-01-16,15.2600,15.4900,15.1600,15.4000,12394127
2019-01-15,14.9100,15.1100,14.7200,15.1100,14078951
2019-01-14,14.6400,15.0500,14.5800,14.9600,8154470
2019-01-11,14.6400,14.9000,14.5200,14.7800,8807322
2019-01-10,14.6800,14.8500,14.5600,14.7100,9324889
2019-01-09,14.6000,14.8100,14.4800,14.7000,8797933
2019-01-08,14.5600,14.6000,14.2100,14.5400,10790114
2019-01-07,14.1200,14.6200,14.0200,14.3900,10922412
2019-01-04,13.9200,14.1900,13.8100,14.1500,16823985
2019-01-03,13.5900,13.8800,13.4900,13.6500,12302083
2019-01-02,13.1600,13.6800,13.1100,13.6700,11301290
2018-12-31,13.4100,13.5700,13.1800,13.3800,10700575
2018-12-28,13.4100,13.5800,13.2600,13.3500,12257130
2018-12-27,13.2000,13.3600,12.8500,13.3600,13462405
2018-12-26,12.6100,13.3900,12.3900,13.3900,16054449
2018-12-24,12.7300,12.8600,12.5300,12.5700,7330065
2018-12-21,12.8800,13.1500,12.8100,12.8600,31504460
2018-12-20,12.7500,13.1200,12.7300,12.9100,20242661
2018-12-19,13.2100,13.4500,12.7500,12.8400,21492092
2018-12-18,13.4400,13.7300,13.1200,13.2300,13604788
2018-12-17,13.3000,13.7600,13.3000,13.3900,15430200
2018-12-14,13.6200,13.8700,13.4000,13.4700,15312926
2018-12-13,14.2600,14.2800,13.6800,13.7800,13554220
2018-12-12,14.5500,14.5500,14.1300,14.2600,11803860
2018-12-11,14.5600,14.7000,14.1200,14.1600,17283513
2018-12-10,14.8000,14.8000,14.1700,14.3900,18644874
2018-12-07,15.2900,15.5000,14.8200,14.9000,14311682
2018-12-06,15.1700,15.3000,14.8100,15.3000,19708886
2018-12-04,16.5300,16.5600,15.4100,15.5900,17607803
2018-12-03,16.7800,16.8500,16.4500,16.6300,15801761
2018-11-30,16.1900,16.5400,16.1600,16.4500,20201033
2018-11-29,16.2900,16.3800,16.1300,16.2100,14182824
2018-11-28,16.3100,16.5200,16.0600,16.4300,14887990
2018-11-27,16.2300,16.5100,16.1600,16.2600,14286392
2018-11-26,16.2600,16.4400,16.1100,16.3400,15245917
2018-11-23,15.6800,16.0200,15.5700,15.9600,17990140
2018-11-21,15.9400,16.1100,15.6500,15.8200,12623680
2018-11-20,15.9700,16.0100,15.6400,15.8300,16370190
2018-11-19,16.2100,16.3900,15.9300,16.1300,18830205
2018-11-16,16.3100,16.4100,16.1200,16.2000,17433033
2018-11-15,16.2000,16.5200,16.0400,16.4500,16979759
2018-11-14,17.0000,17.1100,16.1600,16.3700,16666025
2018-11-13,16.9600,17.2300,16.8700,16.8800,12300060
2018-11-12,17.2300,17.3700,16.9000,16.9300,13848561
2018-11-09,17.6300,17.7800,17.1300,17.2400,17213979
2018-11-08,17.4500,17.8800,17.4100,17.6700,10510228
2018-11-07,17.6400,17.7000,17.1600,17.5200,13347767
2018-11-06,17.2800,17.6400,17.2400,17.6400,14261088
2018-11-05,17.3000,17.4500,17.1500,17.3200,8068424
2018-11-02,17.3900,17.5700,17.0600,17.2600,10271496
2018-11-01,17.0400,17.2700,16.9900,17.2100,13956443
2018-10-31,16.7100,17.2500,16.7100,16.9700,21663900
2018-10-30,16.5000,16.6000,16.1100,16.5200,20155610
2018-10-29,16.3200,16.7000,16.2400,16.4300,15731133
2018-10-26,15.8400,16.2300,15.7500,16.0600,15845859
2018-10-25,15.6200,16.2800,15.5300,16.0600,16413168
2018-10-24,16.2200,16.2400,15.4200,15.4600,29458884
2018-10-23,15.7100,16.4300,15.7100,16.2800,21101360
2018-10-22,16.9400,17.0700,16.3700,16.3900,20725448
2018-10-19,17.0000,17.2700,16.8300,16.9000,16990841
2018-10-18,17.2800,17.5000,16.9800,17.0400,13042317
2018-10-17,17.1600,17.5300,16.9300,17.3300,15434202
2018-10-16,17.2300,17.2900,16.9600,17.2200,14614606
2018-10-15,17.2900,17.4700,17.1600,17.1600,13905798
2018-10-12,17.9700,18.0000,16.9500,17.2900,19965809
2018-10-11,18.1400,18.3200,17.6800,17.7400,15154164
2018-10-10,18.5600,18.7700,18.2500,18.2700,12205856
2018-10-09,18.6200,18.7300,18.4900,18.5900,8757117
2018-10-08,18.5100,18.8300,18.4500,18.6900,8363524
2018-10-05,18.7700,18.8200,18.4500,18.5400,8604007
2018-10-04,18.5500,18.9300,18.5100,18.6700,11839602
2018-10-03,18.2300,18.5600,18.2100,18.4700,12179025
2018-10-02,18.1600,18.3500,18.0200,18.1100,11908898
2018-10-01,18.4500,18.4800,18.0800,18.1400,15588191
2018-09-28,18.4500,18.6100,18.2900,18.3500,13617088
2018-09-27,18.9000,18.9100,18.5200,18.5400,13998416
2018-09-26,19.3400,19.3700,18.9100,18.9400,9266818
2018-09-25,19.4100,19.4500,19.2400,19.2500,7670794
2018-09-24,19.4000,19.5000,19.2300,19.2900,8066988
2018-09-21,19.5000,19.5500,19.3500,19.4400,14424443
2018-09-20,19.2900,19.5500,19.2600,19.4900,8848922
2018-09-19,18.9400,19.2700,18.9000,19.1600,8512751
2018-09-18,18.9600,19.0000,18.8200,18.9100,11182205
2018-09-17,18.9700,19.0800,18.8200,18.9800,16291020
2018-09-14,18.9100,19.0700,18.8900,18.9700,11172097
2018-09-13,19.3300,19.3500,18.8100,18.8700,14796512
2018-09-12,19.6000,19.6700,19.1400,19.1500,11764515
2018-09-11,19.5300,19.7900,19.5000,19.6500,8759209
2018-09-10,19.7000,19.7100,19.5100,19.5400,6645585
2018-09-07,19.7900,19.8000,19.5300,19.6100,8874102
2018-09-06,19.7800,19.8300,19.5600,19.5800,8587710
2018-09-05,19.6500,19.9900,19.6200,19.9300,10739457
2018-09-04,19.5100,19.6900,19.4200,19.6400,8883271
2018-08-31,19.2500,19.5200,19.1800,19.4600,7923512
2018-08-30,19.4900,19.5300,19.3300,19.3500,8096657
2018-08-29,19.4900,19.6200,19.3400,19.5200,9292240
2018-08-28,19.5100,19.5400,19.3300,19.4700,8124844
2018-08-27,19.3500,19.6100,19.3100,19.4400,8804715
2018-08-24,19.4400,19.4500,19.2200,19.2600,7958461
2018-08-23,19.4800,19.5100,19.2600,19.3400,5896984
2018-08-22,19.4600,19.5900,19.3800,19.5300,6141213
2018-08-21,19.5000,19.7100,19.4200,19.5400,9948199
2018-08-20,19.4300,19.5400,19.3200,19.4800,8298654
2018-08-17,19.3600,19.5100,19.3100,19.4900,10071130
2018-08-16,19.1900,19.4900,19.1600,19.4000,10024396
2018-08-15,19.0300,19.1600,18.9500,19.0700,10243181
2018-08-14,18.9800,19.2800,18.9800,19.2000,10964861
2018-08-13,19.1300,19.3300,18.9500,18.9500,9498333
2018-08-10,19.0600,19.2200,18.9700,19.1300,8846943
2018-08-09,19.3200,19.4400,19.2200,19.2800,7004545
2018-08-08,19.3600,19.4400,19.1900,19.3700,8902375
2018-08-07,19.2100,19.4400,19.1500,19.3100,11555616
2018-08-06,19.1200,19.2600,18.9300,19.1200,10461920
2018-08-03,19.0600,19.2700,18.9900,19.1400,10476462
2018-08-02,18.7200,19.1900,18.6700,19.0700,11759538
2018-08-01,18.6900,19.1400,18.6600,18.8300,14581021
2018-07-31,18.8900,18.9300,18.5500,18.6100,12466999
2018-07-30,18.5700,18.9000,18.5700,18.8200,13781165
2018-07-27,18.4200,18.6100,18.3400,18.5600,10344451
2018-07-26,18.3200,18.5200,18.2200,18.3900,12116145
2018-07-25,18.2100,18.3800,18.1300,18.2900,13368939
2018-07-24,18.3200,18.5300,18.1700,18.2700,17133024
2018-07-23,17.8500,18.3300,17.7600,18.2700,13069121
2018-07-20,17.5000,17.9300,17.2700,17.8200,16017826
2018-07-19,17.9100,17.9800,17.5900,17.6200,12868415
2018-07-18,17.6100,18.1100,17.6100,18.0600,11263881
2018-07-17,17.5500,17.7600,17.4600,17.6400,9817244
2018-07-16,17.2700,17.5700,17.2500,17.5100,8645421
2018-07-13,17.4800,17.4800,17.0700,17.2100,19405766
2018-07-12,17.8200,17.8600,17.3800,17.5200,10073617
2018-07-11,17.7700,17.9000,17.6900,17.6900,7794541
2018-07-10,18.1400,18.1700,17.7500,17.8800,12428686
2018-07-09,17.6900,18.0800,17.6200,18.0700,11564375
2018-07-06,17.4200,17.6400,17.2000,17.5900,9841912
2018-07-05,17.6900,17.7100,17.4200,17.4600,11142706
2018-07-03,17.9300,18.0200,17.5400,17.5600,6077478
2018-07-02,17.6800,17.9100,17.6300,17.8900,13186141
2018-06-29,18.2800,18.3800,17.7700,17.7800,18519690
2018-06-28,17.9600,18.1200,17.7400,17.9900,12372602
2018-06-27,18.1200,18.2400,17.8000,17.8600,12322926
2018-06-26,18.3600,18.4000,18.0200,18.1800,9886974
2018-06-25,18.4400,18.5200,18.1300,18.3500,10753513
2018-06-22,19.0600,19.1100,18.4800,18.5300,12257590
2018-06-21,18.8400,19.0500,18.6400,18.9200,10623180
2018-06-20,19.0600,19.1500,18.9000,18.9100,8467836
2018-06-19,18.5800,18.9700,18.5200,18.9500,10416090
2018-06-18,18.6200,18.8500,18.4300,18.7200,13435921
2018-06-15,18.5100,18.6700,18.3000,18.5900,18415816
2018-06-14,18.9200,18.9500,18.5100,18.6200,12841266
2018-06-13,18.9700,19.2500,18.7600,18.8900,12110446
2018-06-12,18.9400,19.1300,18.8400,18.9500,12432516
2018-06-11,19.1500,19.2400,18.8700,18.8700,9521430
2018-06-08,19.0500,19.1500,18.9500,19.1100,7591603
2018-06-07,19.2500,19.3200,18.9100,19.0600,6973711
2018-06-06,18.7800,19.3000,18.7600,19.2500,11850145
2018-06-05,18.6600,18.7200,18.5000,18.6300,5641264
2018-06-04,18.6900,18.7600,18.6000,18.7300,5467136
2018-06-01,18.5400,18.7000,18.4800,18.5900,9464580
2018-05-31,18.3900,18.4800,18.1900,18.2400,12813442
2018-05-30,18.4600,18.5700,18.2700,18.4200,10805779
2018-05-29,18.8100,18.8100,18.0000,18.1100,13899370
2018-05-25,19.0400,19.1000,18.9000,19.0100,6609207
2018-05-24,19.1600,19.1800,18.8100,19.1400,8644712
2018-05-23,19.3300,19.4500,19.0500,19.2000,12143677
2018-05-22,19.1500,19.6000,19.1500,19.4500,10506038
2018-05-21,19.2100,19.2900,19.1500,19.1500,9348132
2018-05-18,19.2600,19.3200,19.1100,19.1300,8757832
2018-05-17,19.2900,19.3600,19.1100,19.3200,8104122
2018-05-16,19.3300,19.4000,19.2000,19.3000,7312369
2018-05-15,19.2600,19.4500,19.1900,19.3900,13358595
2018-05-14,19.3900,19.4000,19.1300,19.2000,8948811
2018-05-11,19.4000,19.4900,19.2500,19.3200,9816721
2018-05-10,19.2100,19.4800,19.1200,19.3300,8065408
2018-05-09,19.0300,19.4100,18.9900,19.2200,9098560
2018-05-08,18.7900,19.1800,18.7100,18.9700,10519535
2018-05-07,18.7500,18.8700,18.5800,18.7500,8201152
2018-05-04,18.2600,18.8400,18.1800,18.7200,10261704
2018-05-03,18.4500,18.5600,18.1200,18.4200,10668218
2018-05-02,18.6800,18.8200,18.4800,18.5500,11447308
2018-05-01,18.6500,18.8300,18.4500,18.7500,9304823
2018-04-30,19.0500,19.2000,18.7000,18.7000,9989208
2018-04-27,18.7600,19.0300,18.7400,19.0000,8856888
2018-04-26,18.8900,18.9900,18.7300,18.8100,10997141
2018-04-25,18.8900,19.1700,18.6700,19.0200,13435601
2018-04-24,19.0000,19.2300,18.6300,18.8700,15895268
2018-04-23,18.9600,19.0700,18.6100,18.8600,15552487
2018-04-20,17.9900,18.8900,17.9900,18.8900,18950454
2018-04-19,17.9600,18.2100,17.8700,18.1500,19887966
2018-04-18,18.0400,18.1800,17.8000,17.9100,15214984
2018-04-17,18.6200,18.6200,17.8200,17.9500,15057960
2018-04-16,18.6900,18.7000,18.2800,18.4700,10550656
2018-04-13,19.1100,19.1500,18.4000,18.5100,10682041
2018-04-12,18.6100,19.1000,18.5500,18.9800,10703802
2018-04-11,18.4200,18.6400,18.3100,18.4200,10008463
2018-04-10,18.7200,18.7500,18.4900,18.6000,10396714
2018-04-09,18.4000,18.8400,18.3800,18.3800,9916509
2018-04-06,18.5900,18.6500,18.0200,18.2300,12367686
2018-04-05,18.9500,18.9900,18.7200,18.8400,7229667
2018-04-04,18.1000,18.8000,18.0700,18.7600,8834326
2018-04-03,18.2900,18.5100,18.1200,18.4000,8307756
2018-04-02,18.5300,18.6100,17.8500,18.1600,12853876
2018-03-29,18.4200,18.6300,18.2200,18.5800,12310744
2018-03-28,18.3600,18.4200,17.9700,18.2800,15874727
2018-03-27,18.8900,18.9800,18.1500,18.2900,11027824
2018-03-26,18.3300,18.8600,18.2000,18.8000,12243156
2018-03-23,18.6800,18.7500,17.9500,18.0100,12725905
2018-03-22,19.2900,19.3600,18.5700,18.6200,12099420
2018-03-21,19.5200,19.8300,19.3700,19.5300,6552864
2018-03-20,19.6700,19.7500,19.4100,19.4600,9987773
2018-03-19,19.6000,19.6800,19.3700,19.5500,10413308
2018-03-16,19.4000,19.7100,19.3600,19.6300,22765417
2018-03-15,19.5300,19.5500,19.2000,19.3700,9685603
2018-03-14,19.8200,19.8200,19.3200,19.4000,10850977
2018-03-13,20.0000,20.0200,19.6500,19.7100,8149285
2018-03-12,20.0900,20.2100,19.8600,19.9200,7773453
2018-03-09,19.9200,20.1400,19.7500,20.1100,10235235
2018-03-08,19.8500,19.9400,19.4500,19.7600,7335589
2018-03-07,19.6900,19.9500,19.6300,19.8700,6609981
2018-03-06,19.8000,19.9400,19.5500,19.9000,7795301
2018-03-05,19.2200,19.8300,19.0800,19.7200,6964359
2018-03-02,19.1400,19.5100,18.8300,19.4700,9335571
2018-03-01,19.4400,19.6800,19.1100,19.2600,12432207
2018-02-28,19.6900,19.8600,19.4000,19.4100,14048716
2018-02-27,19.8200,20.1000,19.6200,19.6200,11710594
2018-02-26,19.7500,19.8400,19.6000,19.8000,11225047
2018-02-23,19.3900,19.6600,19.2500,19.6500,9019126
2018-02-22,19.7200,19.8100,19.2500,19.3100,12083125
2018-02-21,19.3800,19.8800,19.3700,19.6200,9847392
2018-02-20,19.4300,19.6700,19.3100,19.4000,6592499
2018-02-16,19.3900,19.6700,19.3600,19.4500,7847230
2018-02-15,19.4900,19.5700,19.2300,19.4800,8616985
2018-02-14,18.7900,19.4100,18.7300,19.3700,16947051
2018-02-13,18.3400,18.8900,18.2600,18.8500,11967385
2018-02-12,18.4200,18.7600,18.2800,18.4700,9255870
2018-02-09,18.1500,18.4300,17.6200,18.2700,18765906
2018-02-08,19.0400,19.0400,17.9000,17.9000,16294275
2018-02-07,18.5500,19.2000,18.5100,18.9600,14035884
2018-02-06,18.0900,18.7700,17.7300,18.6700,20354747
2018-02-05,19.0200,19.3800,18.3600,18.4600,17619757
2018-02-02,19.5500,19.9000,19.2000,19.2500,14197209
2018-02-01,19.1900,19.6000,19.1500,19.5400,8798846
2018-01-31,19.1800,19.4300,19.1400,19.2300,9208419
2018-01-30,19.0900,19.3200,19.0600,19.1500,6470176
2018-01-29,19.3400,19.5000,19.2200,19.2600,7902074
2018-01-26,19.2600,19.3800,19.1200,19.3800,8363219
2018-01-25,19.5100,19.5500,19.1300,19.1400,11794208
2018-01-24,19.3800,19.6000,19.2800,19.4300,17683617
2018-01-23,19.1000,19.4800,18.9800,19.3600,17114069
2018-01-22,18.9000,19.1700,18.7000,19.1600,13292190
2018-01-19,18.3500,18.7000,18.2900,18.6700,15179287
2018-01-18,18.3500,18.5500,18.1000,18.1500,11673045
2018-01-17,18.2100,18.4200,17.9000,18.3600,10072890
2018-01-16,18.3700,18.4300,18.0500,18.1600,9758141
2018-01-12,18.3100,18.3700,18.2000,18.2800,7082529
2018-01-11,18.1300,18.2700,18.0600,18.2000,6235763
2018-01-10,17.8400,18.2600,17.8000,18.0800,10096539
2018-01-09,17.5000,17.9200,17.5000,17.7800,9170142
2018-01-08,17.4500,17.5200,17.3300,17.4700,8281924
2018-01-05,17.6000,17.6400,17.3300,17.4900,9902121
2018-01-04,17.5400,17.7300,17.5000,17.5400,10022477
2018-01-03,17.3300,17.4700,17.2900,17.4000,8199182
2018-01-02,17.3900,17.4400,17.2400,17.3700,9632425
2017-12-29,17.4500,17.4700,17.2700,17.2800,6047254
2017-12-28,17.3500,17.4300,17.2500,17.3800,4136013
2017-12-27,17.4200,17.4200,17.2200,17.3000,4500730
2017-12-26,17.4700,17.5800,17.2600,17.3500,3966619
2017-12-22,17.5600,17.5600,17.3000,17.4700,5296697
2017-12-21,17.5000,17.5800,17.3700,17.4900,7494144
2017-12-20,17.4800,17.5300,17.0900,17.2500,8670014
2017-12-19,17.3900,17.4800,17.2300,17.3000,10484310
2017-12-18,17.2400,17.4100,17.2200,17.3300,9406270
2017-12-15,17.0000,17.2800,16.9200,17.1200,21031196
2017-12-14,17.1200,17.1800,16.8300,16.9100,10858347
2017-12-13,17.2800,17.4100,17.0700,17.0800,12350148
2017-12-12,17.1000,17.3900,17.0400,17.3100,10874913
2017-12-11,17.0500,17.1800,16.9200,16.9800,7793262
2017-12-08,17.0100,17.1100,16.9000,17.0800,8320040
2017-12-07,16.6500,16.9800,16.5750,16.9700,9864606
2017-12-06,16.8000,17.0000,16.7200,16.7800,8274555
2017-12-05,17.0400,17.1700,16.7800,16.8700,11869041
2017-12-04,17.0000,17.1200,16.8550,16.9500,16521352
2017-12-01,16.6000,16.7300,16.0500,16.6500,16312580
2017-11-30,16.6800,16.9400,16.5300,16.5900,19713259
2017-11-29,16.1700,16.6900,16.1600,16.5700,18101143
2017-11-28,15.5700,16.0189,15.5500,16.0000,13696942
2017-11-27,15.6100,15.6300,15.4700,15.5200,7729516
2017-11-24,15.6000,15.6700,15.5500,15.5700,3487115
2017-11-22,15.7300,15.7300,15.5400,15.5600,9616082
2017-11-21,15.9000,15.9100,15.6500,15.6600,13636512
2017-11-20,15.8000,15.9200,15.7400,15.8600,11251721
2017-11-17,15.6000,15.8900,15.5400,15.8000,10229209
2017-11-16,15.9900,15.9900,15.6500,15.7000,17443396
2017-11-15,15.5700,15.9000,15.4800,15.8000,16131732
2017-11-14,15.3900,15.7500,15.3600,15.6900,12554020
2017-11-13,15.1100,15.4900,15.0600,15.4400,12577985
2017-11-10,15.3200,15.4300,15.1650,15.1700,3162338
2017-11-09,15.2600,15.4700,15.1100,15.2800,3558558
2017-11-08,15.4100,15.5000,15.2000,15.3600,12677104
2017-11-07,15.8600,15.9700,15.4400,15.4700,15612960
2017-11-06,15.7800,15.9200,15.7300,15.8800,9576073
2017-11-03,15.6300,15.8900,15.6100,15.8100,12453865
2017-11-02,15.5000,15.7600,15.3200,15.7100,15033733
2017-11-01,15.5400,15.7700,15.5000,15.5600,9070447
2017-10-31,15.5900,15.6750,15.4800,15.4800,12225815
2017-10-30,15.6000,15.7100,15.5350,15.6000,10513650
2017-10-27,15.7500,15.8500,15.6900,15.7200,11876441
2017-10-26,15.6000,15.8800,15.6000,15.8100,17582659
2017-10-25,15.4500,15.8050,15.3800,15.5650,18558728
2017-10-24,15.0600,15.5200,15.0100,15.4400,20218511
2017-10-23,15.2700,15.3300,15.0600,15.1200,16396940
2017-10-20,15.1800,15.2500,15.0850,15.2200,10312417
2017-10-19,14.7600,15.0300,14.6800,14.9700,10444420
2017-10-18,14.8700,14.9600,14.7700,14.9000,7197894
2017-10-17,14.9600,15.0000,14.7500,14.7800,8451066
2017-10-16,14.8500,14.9800,14.8400,14.9600,6797782
2017-10-13,14.8700,14.9700,14.6200,14.8300,9731813
2017-10-12,15.0800,15.1500,14.8750,14.9100,10434915
2017-10-11,15.1200,15.1300,14.9100,15.0400,13246156
2017-10-10,15.0000,15.1800,14.9900,15.1600,9532892
2017-10-09,15.2200,15.2400,15.0000,15.0100,9335894
2017-10-06,15.3700,15.4800,15.1600,15.2100,13540608
2017-10-05,15.1000,15.2861,15.0000,15.2700,9276856
2017-10-04,15.1200,15.1900,15.0500,15.0900,9054162
2017-10-03,15.2500,15.3100,15.0600,15.1700,9491473
2017-10-02,15.0900,15.2400,14.9900,15.2300,13222517
2017-09-29,15.0500,15.3300,15.0400,15.2300,10081140
2017-09-28,15.0800,15.1600,14.9250,15.0400,11066659
2017-09-27,14.9400,15.1800,14.8600,15.0500,12734382
2017-09-26,14.5000,14.7700,14.4700,14.7100,12845368
2017-09-25,14.3700,14.5600,14.3700,14.4800,11442042
2017-09-22,14.3500,14.4300,14.2900,14.4200,9699674
2017-09-21,14.2300,14.4600,14.2300,14.4300,9125046
2017-09-20,14.1300,14.3400,13.9200,14.3100,15315283
2017-09-19,14.0000,14.1700,13.9700,14.1500,12235427
2017-09-18,13.8100,14.0900,13.7700,14.0200,12464489
2017-09-15,13.6700,13.7700,13.6500,13.7500,13379459
2017-09-14,13.7400,13.8900,13.6700,13.6900,13709317
2017-09-13,13.6700,13.8400,13.6400,13.7400,11525860
2017-09-12,13.5800,13.8650,13.5600,13.7000,11780211
2017-09-11,13.4400,13.6400,13.3800,13.5200,13206517
2017-09-08,13.1400,13.3900,13.1300,13.2600,12261747
2017-09-07,13.5100,13.6100,13.0250,13.1700,11094262
2017-09-06,13.7100,13.7500,13.5700,13.6200,9707715
2017-09-05,14.1400,14.1400,13.6000,13.6400,14183303
2017-09-01,14.1300,14.3600,14.1100,14.2300,8063177
2017-08-31,14.2800,14.3000,14.1100,14.1100,10009775
2017-08-30,14.1700,14.3050,14.1450,14.2400,9633270
2017-08-29,14.1000,14.2100,13.9700,14.1600,13714371
2017-08-28,14.4600,14.5100,14.2600,14.2900,15328329
2017-08-25,14.5000,14.5800,14.4300,14.4500,7536119
2017-08-24,14.3800,14.4700,14.3150,14.4500,9737906
2017-08-23,14.1300,14.4700,14.1000,14.3100,12863029
2017-08-22,14.1100,14.2950,14.1090,14.2400,10384386
2017-08-21,14.0600,14.0700,13.9400,14.0400,9181080
2017-08-18,13.9100,14.2300,13.8900,14.0600,13821400
2017-08-17,14.2800,14.4000,13.9600,13.9900,13958486
2017-08-16,14.5400,14.6000,14.3200,14.3400,10880086
2017-08-15,14.5900,14.6700,14.4700,14.4800,10509470
2017-08-14,14.2200,14.4700,14.2200,14.4100,12029043
2017-08-11,14.2600,14.4000,14.0000,14.0700,18513875
2017-08-10,14.5600,14.6000,14.2700,14.3000,13685514
2017-08-09,14.7300,14.8150,14.5900,14.6800,12724557
2017-08-08,14.8400,15.1100,14.8200,14.8600,16851016
2017-08-07,14.9900,15.0000,14.8600,14.8700,9619899
2017-08-04,15.0400,15.2800,14.8100,14.9400,32520601
2017-08-03,14.8500,14.9650,14.7400,14.9000,18059854
2017-08-02,14.7000,14.8500,14.6400,14.8300,13687912
2017-08-01,14.6800,14.7700,14.5800,14.6900,16118094
2017-07-31,14.5600,14.6800,14.5450,14.6000,13441914
2017-07-28,14.4000,14.5500,14.3200,14.5000,16572845
2017-07-27,14.4700,14.4950,14.3000,14.3900,19114422
2017-07-26,14.6800,14.7500,14.4000,14.4500,21264037
2017-07-25,14.5500,14.7700,14.5000,14.5600,18128479
2017-07-24,14.2600,14.4700,14.2200,14.4000,13777278
2017-07-21,14.2200,14.3650,14.0100,14.2300,19707201
2017-07-20,14.5000,14.5400,14.2800,14.3100,18349696
2017-07-19,14.5600,14.6300,14.3400,14.4700,14472937
2017-07-18,14.5500,14.6700,14.4200,14.5400,9975173
2017-07-17,14.6700,14.7800,14.5400,14.7000,8529979
2017-07-14,14.6100,14.7600,14.4400,14.6800,10763855
2017-07-13,14.6800,14.8500,14.6100,14.8200,15634232
2017-07-12,14.6600,14.7600,14.5600,14.6300,11345233
2017-07-11,14.7600,14.8559,14.6700,14.7500,10825190
2017-07-10,14.6600,14.8100,14.6000,14.7500,9223404
2017-07-07,14.8000,14.8200,14.5650,14.6900,13492025
2017-07-06,14.8400,14.9700,14.6900,14.7100,11618926
2017-07-05,14.9000,14.9400,14.6800,14.8500,13973053
2017-07-03,14.7700,14.9700,14.6850,14.8800,9366217
2017-06-30,14.7300,14.8100,14.4700,14.6400,13412070
2017-06-29,14.6300,14.8500,14.4800,14.6600,32413797
2017-06-28,14.1100,14.2600,14.0400,14.0900,20732974
2017-06-27,13.8700,14.0500,13.8000,14.0000,22856919
2017-06-26,13.5900,13.8500,13.5500,13.7500,20633399
2017-06-23,13.9100,13.9400,13.4600,13.5700,23298810
2017-06-22,13.9200,14.0250,13.7700,13.8400,11785933
2017-06-21,14.2800,14.3000,13.9500,13.9600,13669355
2017-06-20,14.4500,14.4500,14.2500,14.2700,13922863
2017-06-19,14.4500,14.6300,14.4100,14.5000,10065989
2017-06-16,14.3700,14.4400,14.2900,14.3600,22661746
2017-06-15,14.4000,14.6200,14.3571,14.4000,12734687
2017-06-14,14.3000,14.5300,14.1000,14.5000,16246183
2017-06-13,14.4800,14.5850,14.3200,14.4200,17011548
2017-06-12,14.4400,14.6900,14.2000,14.3600,25258159
2017-06-09,14.1400,14.5000,14.1300,14.4000,17128571
2017-06-08,13.5600,14.2200,13.5300,14.0300,23092066
2017-06-07,13.5100,13.6990,13.4300,13.5900,13936255
2017-06-06,13.4400,13.5400,13.2600,13.5000,16763679
2017-06-05,13.5300,13.6800,13.5100,13.5300,15492292
2017-06-02,13.6200,13.6650,13.4700,13.5400,24043361
2017-06-01,13.9300,13.9400,13.6300,13.7900,27039665
2017-05-31,14.0100,14.0300,13.6000,13.8400,31077126
2017-05-30,14.0600,14.0652,13.8300,13.9700,16151247
2017-05-26,14.2400,14.3250,14.1200,14.1300,11582875
2017-05-25,14.3200,14.4000,14.1700,14.2800,17610590
2017-05-24,14.4600,14.4800,14.1800,14.2700,19811852
2017-05-23,14.0900,14.5500,14.0400,14.4700,15570170
2017-05-22,14.1300,14.2000,13.9700,14.0700,12038016
2017-05-19,14.0700,14.2700,14.0300,14.0900,13760989
2017-05-18,13.9600,14.1800,13.8600,14.0100,19815802
2017-05-17,14.1700,14.2700,13.8500,13.9700,39878505
2017-05-16,14.3500,14.6100,14.3000,14.5400,17242707
2017-05-15,14.1900,14.3400,14.1900,14.3400,10277284
2017-05-12,14.0500,14.1400,13.8900,14.1300,13125148
2017-05-11,14.2800,14.4100,14.1100,14.1800,13357645
2017-05-10,14.1600,14.3700,14.0900,14.3500,16698460
2017-05-09,14.3700,14.5100,14.1500,14.2100,11250693
2017-05-08,14.2200,14.4350,14.1700,14.3500,11614670
2017-05-05,14.3000,14.3400,14.1900,14.2800,11098308
2017-05-04,14.4900,14.5500,14.2300,14.2700,21097547
2017-05-03,13.7400,14.1300,13.7100,14.1200,18782800
2017-05-02,13.9100,13.9500,13.7100,13.8400,15365960
2017-05-01,13.8000,13.9950,13.6900,13.8700,15256758
2017-04-28,13.8100,13.9200,13.7400,13.7500,14085583
2017-04-27,14.0200,14.0400,13.6200,13.7900,19325620
2017-04-26,13.8500,14.1500,13.8300,14.0200,19043065
2017-04-25,13.9900,14.0100,13.7500,13.8600,25928532
2017-04-24,13.9000,14.0500,13.7300,13.8100,26730988
2017-04-21,13.5900,13.7000,13.3700,13.4700,18510441
2017-04-20,13.5100,13.6650,13.4200,13.6400,24624240
2017-04-19,13.4700,13.5600,13.2800,13.3600,29156158
2017-04-18,13.6000,13.7900,13.0000,13.3400,39772680
2017-04-17,13.7200,14.0600,13.5800,13.9900,18530230
2017-04-13,13.8900,14.0750,13.6700,13.6800,16908469
2017-04-12,14.1600,14.2400,13.8550,13.9600,18538879
2017-04-11,14.1000,14.2100,13.9500,14.1700,17832123
2017-04-10,14.4100,14.5300,14.1750,14.2200,11537433
2017-04-07,14.3900,14.5400,14.2850,14.4400,13992501
2017-04-06,14.3500,14.6000,14.2000,14.5300,14163673
2017-04-05,14.8700,14.9100,14.3500,14.3700,19344942
2017-04-04,14.4600,14.5900,14.4000,14.5600,10004502
2017-04-03,14.5600,14.6300,14.2850,14.5800,16905461
2017-03-31,14.5900,14.7000,14.4800,14.5300,12911991
2017-03-30,14.3100,14.7700,14.2900,14.6800,13106279
2017-03-29,14.4100,14.4460,14.2050,14.3100,10766850
2017-03-28,14.0700,14.5000,14.0400,14.4000,14736874
2017-03-27,13.8500,14.1400,13.6100,14.0800,18574926
2017-03-24,14.3200,14.3750,14.0050,14.2300,14862510
2017-03-23,14.1200,14.5400,14.0600,14.2300,18160570
2017-03-22,14.0100,14.3100,13.7300,14.1800,23672549
2017-03-21,14.9700,15.0193,14.0000,14.1000,27095564
2017-03-20,14.9800,15.0900,14.8400,14.8800,15471164
2017-03-17,15.0500,15.1050,14.8000,15.0500,34592963
2017-03-16,15.1100,15.2350,14.9900,15.0500,18075839
2017-03-15,15.1900,15.3500,14.9300,15.0000,26270861
2017-03-14,15.0200,15.1000,14.7500,15.0900,11586789
2017-03-13,15.1800,15.2200,14.9900,15.1200,8711012
2017-03-10,15.3000,15.3300,14.8900,15.1300,13790570
2017-03-09,15.2500,15.4600,15.1300,15.2000,11940336
2017-03-08,15.4600,15.5600,15.1800,15.2100,15977414
2017-03-07,15.2300,15.3700,15.1201,15.2500,11551941
2017-03-06,15.2200,15.2900,15.0550,15.2300,13541055
2017-03-03,15.3500,15.5000,15.3100,15.3600,17479060
2017-03-02,16.0100,16.0300,15.3100,15.3200,19304445
2017-03-01,15.6100,16.0100,15.6000,15.9100,21595017
2017-02-28,15.2500,15.3000,15.1200,15.2700,13345864
2017-02-27,15.2300,15.3600,15.1700,15.3100,9942209
2017-02-24,15.1600,15.2950,15.0700,15.2000,15315565
2017-02-23,15.3400,15.3800,15.0700,15.3400,15193596
2017-02-22,15.2900,15.4600,15.2700,15.3200,13662358
2017-02-21,15.4950,15.5701,15.3250,15.4300,11857758
2017-02-17,15.3800,15.4050,15.2100,15.3800,11504434
2017-02-16,15.6200,15.6200,15.3200,15.5900,19147590
2017-02-15,15.6500,15.6600,15.3500,15.5600,14434674
2017-02-14,15.1600,15.5700,15.1100,15.4900,12492111
2017-02-13,15.1200,15.3400,15.1200,15.1500,11738863
2017-02-10,15.0100,15.1700,14.9101,14.9900,17501165
2017-02-09,14.5900,14.9900,14.5500,14.9900,17083241
2017-02-08,14.4300,14.5100,14.2400,14.4900,14423761
2017-02-07,14.7000,14.8600,14.5600,14.5800,16867089
2017-02-06,14.5200,14.7400,14.4800,14.6300,10411450
2017-02-03,14.5200,14.7100,14.3600,14.6200,14251013
2017-02-02,14.2900,14.4250,14.2000,14.2500,12731634
2017-02-01,14.5500,14.7400,14.4400,14.4600,14411928
2017-01-31,14.4000,14.6356,14.2800,14.4100,15316903
2017-01-30,14.4000,14.5200,14.2100,14.4500,16119416
2017-01-27,14.6600,14.6700,14.4500,14.5400,9361511
2017-01-26,14.6500,14.8100,14.5500,14.7000,13194747
2017-01-25,14.4500,14.6500,14.3700,14.6200,14882831
2017-01-24,13.9600,14.3400,13.9450,14.2400,16160229
2017-01-23,13.8900,14.0800,13.7800,13.9100,13185658
2017-01-20,13.9700,14.1400,13.9000,14.0400,20038236
2017-01-19,14.0800,14.3000,13.9100,13.9800,12778909
2017-01-18,13.8800,14.0400,13.6500,14.0300,20628031
2017-01-17,14.5100,14.5100,13.7600,13.7800,26022985
2017-01-13,14.5400,14.9300,14.5400,14.6800,26586935
2017-01-12,14.4500,14.4700,14.1600,14.4300,15692169
2017-01-11,14.4000,14.5200,14.2750,14.5200,15381880
2017-01-10,14.4600,14.6700,14.3200,14.5600,15784919
2017-01-09,14.3400,14.4650,14.2100,14.3700,9540217
2017-01-06,14.5500,14.6300,14.4000,14.4800,8194546
2017-01-05,14.5400,14.6850,14.2100,14.4300,12715517
2017-01-04,14.5300,14.6900,14.4700,14.6200,9759691
2017-01-03,14.5600,14.7200,14.2300,14.4300,15937831
2016-12-30,14.2300,14.4700,14.1625,14.3600,17954567
2016-12-29,14.4500,14.4900,14.1200,14.1700,13542078
2016-12-28,14.6500,14.6600,14.3500,14.4300,12332758
2016-12-27,14.6000,14.6850,14.5450,14.6400,9803896
2016-12-23,14.5600,14.6300,14.4500,14.5600,8573764
2016-12-22,14.5400,14.6367,14.4229,14.5500,11161483
2016-12-21,14.5700,14.6000,14.4300,14.5300,10701748
2016-12-20,14.4000,14.6800,14.3500,14.5800,20740677
2016-12-19,14.1900,14.3450,14.0700,14.2800,20147439
2016-12-16,14.5800,14.6700,14.1500,14.2000,40260127
2016-12-15,14.5600,14.7075,14.3400,14.5200,23696624
2016-12-14,14.1500,14.7300,13.9500,14.3400,34204135
2016-12-13,14.4100,14.4800,14.0800,14.2900,22190065
2016-12-12,14.4900,14.7000,14.3000,14.3600,27497599
2016-12-09,14.6200,14.6200,14.3600,14.6000,22542914
2016-12-08,14.5100,14.7300,14.3800,14.5500,29711392
2016-12-07,14.1600,14.4800,14.1000,14.4600,27360615
2016-12-06,14.1200,14.2700,13.9200,14.2400,24188875
2016-12-05,13.9300,14.0300,13.8400,14.0200,25628884
2016-12-02,13.8000,13.8200,13.5900,13.7400,22137737
2016-12-01,13.6100,13.9000,13.5500,13.8400,26961609
2016-11-30,13.4700,13.6400,13.4250,13.5400,23328268
2016-11-29,13.1300,13.3200,13.0050,13.1800,18206811
2016-11-28,13.1700,13.2800,13.0300,13.0800,16588506
2016-11-25,13.3600,13.4250,13.2600,13.3600,7301040
2016-11-23,13.2400,13.3300,13.1000,13.3000,22008695
2016-11-22,13.2100,13.2500,12.9800,13.1500,30904180
2016-11-21,13.3600,13.3800,13.1100,13.1100,25605349
2016-11-18,13.1700,13.3300,13.1001,13.2600,41142447
2016-11-17,12.8300,13.2300,12.8001,13.1700,59508341
2016-11-16,13.2100,13.3500,12.8700,12.8900,52419707
2016-11-15,13.1200,13.5400,12.8500,13.5300,38734360
2016-11-14,12.8700,13.4000,12.8600,13.2700,49675963
2016-11-11,12.1100,12.4700,12.0000,12.4500,30371264
2016-11-10,11.8800,12.3990,11.8700,12.1800,39209863
2016-11-09,11.0600,11.6350,10.9900,11.5400,26809751
2016-11-08,10.8800,10.9450,10.7000,10.8900,17481286
2016-11-07,10.7600,10.9700,10.7400,10.9600,20491945
2016-11-04,10.4700,10.6800,10.3200,10.5200,17525462
2016-11-03,10.5900,10.7071,10.4300,10.4600,21137508
2016-11-02,10.7800,10.7900,10.4900,10.5100,26381904
2016-11-01,10.8000,10.8800,10.6700,10.8400,23181116
2016-10-31,10.7100,10.8100,10.6500,10.7100,14577276
2016-10-28,10.8600,10.8800,10.5900,10.6500,17271883
2016-10-27,10.8200,10.9550,10.7700,10.8400,17057863
2016-10-26,10.5400,10.8000,10.5400,10.7500,16865597
2016-10-25,10.5800,10.7000,10.5550,10.6200,12755874
2016-10-24,10.7200,10.7900,10.6100,10.6100,12002901
2016-10-21,10.5200,10.7000,10.4800,10.6400,13930481
2016-10-20,10.5400,10.7900,10.5100,10.6100,25310901
2016-10-19,10.3300,10.6100,10.2500,10.5400,32929733
2016-10-18,10.0000,10.2600,9.8700,10.2500,35550918
2016-10-17,10.1100,10.1271,9.9700,10.0100,18969336
2016-10-14,10.0600,10.2200,9.9900,10.0500,15092793
2016-10-13,10.1000,10.1200,9.7800,9.9500,17088844
2016-10-12,10.2600,10.3650,10.2200,10.2400,18336351
2016-10-11,10.3100,10.4287,10.1800,10.2600,15658433
2016-10-10,10.4200,10.4700,10.3400,10.3700,9465869
2016-10-07,10.3400,10.3800,10.1800,10.3300,15135900
2016-10-06,10.3100,10.4300,10.2600,10.3200,14442671
2016-10-05,10.1200,10.3800,10.1200,10.3100,15204964
2016-10-04,9.9500,10.1800,9.9300,10.0800,19913189
2016-10-03,9.8200,9.9400,9.7800,9.9200,14397537
2016-09-30,9.7400,9.9400,9.6600,9.8700,15485470
2016-09-29,9.7900,10.0000,9.6400,9.6700,17501977
2016-09-28,9.7700,9.8300,9.6300,9.8300,12879550
2016-09-27,9.5000,9.7300,9.4500,9.7100,15910007
2016-09-26,9.6900,9.7100,9.5300,9.5600,17065098
2016-09-23,9.7100,9.8800,9.7000,9.7800,13343885
2016-09-22,9.7400,9.7900,9.6800,9.7700,12771286
2016-09-21,9.7000,9.7950,9.6150,9.6800,21196618
2016-09-20,9.7700,9.7700,9.5900,9.6500,8482138
2016-09-19,9.6200,9.7900,9.6200,9.6600,13214956
2016-09-16,9.5600,9.6300,9.4850,9.5600,23556980
2016-09-15,9.4300,9.6600,9.3700,9.6300,16660765
2016-09-14,9.5800,9.6200,9.4600,9.5200,22165015
2016-09-13,9.8200,9.8200,9.4900,9.6100,32703850
2016-09-12,9.8100,9.9600,9.6900,9.9200,22353122
2016-09-09,9.9200,10.0300,9.8300,9.8300,20459441
2016-09-08,9.9700,10.0800,9.8700,9.9300,17252991
2016-09-07,9.8000,9.9800,9.7900,9.9600,25300451
2016-09-06,9.9600,10.0000,9.8300,9.8900,25577992
2016-09-02,9.9000,9.9800,9.7700,9.9300,14590185
2016-09-01,9.9900,10.0250,9.7500,9.8500,15272606
2016-08-31,9.9700,10.0000,9.8000,9.9700,14360361
2016-08-30,9.8900,9.9850,9.8500,9.9700,13299833
2016-08-29,9.8100,9.9700,9.8003,9.8600,12043658
2016-08-26,9.6800,9.8700,9.6500,9.7900,18289044
2016-08-25,9.6300,9.7400,9.6300,9.6500,15908752
2016-08-24,9.6800,9.7500,9.6200,9.6300,14044690
2016-08-23,9.6900,9.7400,9.6700,9.6700,11186266
2016-08-22,9.6300,9.7200,9.5900,9.6600,14818922
2016-08-19,9.6200,9.6900,9.5400,9.6900,11066767
2016-08-18,9.5500,9.6300,9.5200,9.6300,12426253
2016-08-17,9.5300,9.5800,9.4850,9.5500,16724794
2016-08-16,9.5000,9.6200,9.4500,9.5400,17488039
2016-08-15,9.2900,9.5800,9.2800,9.5600,18672224
2016-08-12,9.2100,9.2300,9.1400,9.2300,9984182
2016-08-11,9.2600,9.3400,9.2200,9.3000,11666423
2016-08-10,9.3700,9.3900,9.2400,9.2600,18158976
2016-08-09,9.4000,9.4600,9.3500,9.3700,10501266
2016-08-08,9.4000,9.4600,9.3600,9.3900,11365154
2016-08-05,9.2200,9.4500,9.2000,9.3900,16707649
2016-08-04,9.0600,9.1100,9.0200,9.0400,12049278
2016-08-03,8.9100,9.1100,8.8800,9.0400,18022474
2016-08-02,9.0100,9.0400,8.8200,8.9000,20249286
2016-08-01,9.2100,9.2400,9.0000,9.0200,19576455
2016-07-29,9.1000,9.3200,9.1000,9.1700,28556490
2016-07-28,9.0600,9.1900,9.0000,9.1600,13576490
2016-07-27,9.1800,9.2900,9.0500,9.1000,23561938
2016-07-26,8.9800,9.1700,8.9500,9.1500,20471630
2016-07-25,9.0100,9.0500,8.9500,8.9700,11725219
2016-07-22,8.9400,9.0900,8.9100,9.0300,19156862
2016-07-21,8.9500,9.0900,8.9100,8.9400,21094240
2016-07-20,8.9300,8.9700,8.8000,8.9200,26129509
2016-07-19,9.0000,9.0950,8.8500,8.8800,33687815
2016-07-18,9.1200,9.2400,9.0850,9.1600,21828229
2016-07-15,9.1300,9.1800,9.0200,9.1200,21362607
2016-07-14,9.0600,9.1200,9.0100,9.0800,20403434
2016-07-13,8.8000,8.8700,8.7300,8.8600,18219672
2016-07-12,8.6800,8.8600,8.6800,8.8300,21033438
2016-07-11,8.5400,8.6250,8.5000,8.5700,18731980
2016-07-08,8.3900,8.5300,8.3700,8.4400,23632611
2016-07-07,8.1800,8.4000,8.1700,8.2500,21554021
2016-07-06,7.9500,8.2000,7.8000,8.1900,26737222
2016-07-05,8.2400,8.2500,7.9600,8.0200,17939427
2016-07-01,8.4400,8.4900,8.2900,8.3600,15101232
2016-06-30,8.4900,8.5100,8.3350,8.5100,26525463
2016-06-29,8.2500,8.4300,8.2200,8.4200,20291677
2016-06-28,8.1400,8.2600,8.0100,8.2300,26916597
2016-06-27,8.3700,8.3700,7.8600,7.9100,30331377
2016-06-24,8.8900,9.0000,8.5200,8.5300,31843968
2016-06-23,9.2600,9.4500,9.2400,9.4500,12910037
2016-06-22,9.1900,9.3100,9.1100,9.1200,14676121
2016-06-21,9.2000,9.2500,9.0600,9.1700,13159236
2016-06-20,9.3100,9.4150,9.1600,9.1700,12534901
2016-06-17,8.9700,9.1300,8.9500,9.0900,20699005
2016-06-16,9.0100,9.0400,8.7900,8.9700,44565119
2016-06-15,9.1500,9.3600,9.0600,9.1000,29858719
2016-06-14,9.3100,9.4200,9.0200,9.0900,20246511
2016-06-13,9.4600,9.5700,9.3600,9.3600,17879719
2016-06-10,9.5300,9.5500,9.4450,9.5200,16682670
2016-06-09,9.7100,9.7300,9.5400,9.7000,13663194
2016-06-08,9.7600,9.8800,9.7500,9.8200,16659875
2016-06-07,9.9500,9.9700,9.8200,9.8300,12400094
2016-06-06,9.8200,10.0000,9.7700,9.9500,14494408
2016-06-03,9.7100,9.7700,9.5000,9.7300,20464915
2016-06-02,9.8800,10.0000,9.8200,10.0000,11752885
2016-06-01,9.6700,9.9600,9.6000,9.9300,20315453
2016-05-31,9.9000,9.9950,9.7700,9.8300,24980023
2016-05-27,9.8000,9.8700,9.7100,9.8700,13115139
2016-05-26,9.8500,9.8600,9.6750,9.7300,13385414
2016-05-25,9.7300,9.9000,9.7200,9.8500,17412576
2016-05-24,9.5300,9.6800,9.5200,9.6500,14449998
2016-05-23,9.4900,9.5550,9.3600,9.4700,14037745
2016-05-20,9.5200,9.6150,9.4500,9.5100,14868982
2016-05-19,9.5200,9.7000,9.3400,9.4700,19345740
2016-05-18,9.1500,9.6650,9.1400,9.6400,36225626
2016-05-17,9.0100,9.3100,8.9500,9.1700,26396880
2016-05-16,8.9400,9.0900,8.9200,9.0500,12127330
2016-05-13,9.1300,9.2600,8.8900,8.9900,16600515
2016-05-12,9.2700,9.3600,9.0600,9.1300,17652720
2016-05-11,9.1800,9.3900,9.1800,9.2200,14905134
2016-05-10,9.1000,9.2600,9.0800,9.2300,13378613
2016-05-09,9.0600,9.1400,8.9800,9.0500,13770872
2016-05-06,8.9500,9.0900,8.9200,9.0800,20046429
2016-05-05,9.0900,9.1500,8.9800,9.0400,16834356
2016-05-04,9.0900,9.2150,8.9200,9.0400,25300161
2016-05-03,9.3000,9.3200,9.1000,9.2400,23707099
2016-05-02,9.4500,9.4800,9.2800,9.4500,18427871
2016-04-29,9.3800,9.4450,9.2600,9.3800,23878095
2016-04-28,9.4700,9.6200,9.3800,9.4200,21401161
2016-04-27,9.4100,9.6300,9.3400,9.5900,31436836
2016-04-26,9.3000,9.4300,9.2300,9.4000,17023298
2016-04-25,9.2800,9.3500,9.1700,9.3000,16553811
2016-04-22,9.2000,9.4200,9.1700,9.3400,22043722
2016-04-21,9.2100,9.2600,9.1200,9.1700,17328927
2016-04-20,9.0000,9.1900,8.9500,9.1600,28550628
2016-04-19,8.8800,9.0000,8.7900,8.9800,27376413
2016-04-18,8.6600,8.8400,8.5700,8.7600,19793254
2016-04-15,8.8900,8.9000,8.5500,8.7400,42654727
2016-04-14,8.3900,8.6300,8.3550,8.4800,35699130
2016-04-13,8.0600,8.4300,8.0400,8.4000,32140637
2016-04-12,7.8300,8.0000,7.7900,7.9700,15865841
2016-04-11,7.7000,7.8800,7.6800,7.7600,23200329
2016-04-08,7.7100,7.8100,7.6300,7.6700,18383464
2016-04-07,7.6800,7.7550,7.5300,7.6000,16826514
2016-04-06,7.6700,7.8200,7.6100,7.8100,19375630
2016-04-05,7.7600,7.8200,7.6600,7.6600,14742262
2016-04-04,7.8700,7.9700,7.8000,7.8700,12083414
2016-04-01,7.8000,7.8900,7.6700,7.8900,15285060
2016-03-31,7.8600,7.9500,7.7900,7.8500,15297606
2016-03-30,7.9400,8.0600,7.8600,7.9000,17122498
2016-03-29,7.9500,7.9500,7.7500,7.9000,22267982
2016-03-28,8.0800,8.1150,7.9550,8.0500,9216991
2016-03-24,8.0200,8.0700,7.8200,8.0600,11388402
2016-03-23,8.1500,8.1800,8.0600,8.0800,13051323
2016-03-22,8.0600,8.2500,8.0400,8.1800,15599593
2016-03-21,8.2300,8.3399,8.1100,8.2100,15639292
2016-03-18,8.2100,8.3200,8.1000,8.2300,30536589
2016-03-17,7.9850,8.1300,7.8200,8.1200,17728894
2016-03-16,8.1300,8.2750,7.9000,8.0200,19985825
2016-03-15,8.1300,8.1300,8.0100,8.1100,13348036
2016-03-14,8.2400,8.2800,8.1000,8.2100,16257447
2016-03-11,8.0700,8.2600,8.0500,8.2400,14643722
2016-03-10,8.0000,8.0940,7.8200,7.9700,23258539
2016-03-09,8.0900,8.1200,7.8300,7.8700,22307704
2016-03-08,8.2700,8.3000,7.9450,8.0500,27657872
2016-03-07,8.2700,8.4250,8.2500,8.3800,14909506
2016-03-04,8.3700,8.5700,8.2900,8.3900,26469161
2016-03-03,8.1100,8.3000,8.0800,8.2800,20972514
2016-03-02,8.0000,8.1700,7.9600,8.1200,16713295
2016-03-01,7.6100,7.9900,7.5850,7.9800,17608792
2016-02-29,7.7100,7.7400,7.5200,7.5200,17441759
2016-02-26,7.6400,7.8700,7.5600,7.7500,19076496
2016-02-25,7.4300,7.5500,7.3500,7.5100,15088751
2016-02-24,7.4000,7.4500,7.2050,7.4200,22039567
2016-02-23,7.8600,7.9000,7.5000,7.5700,19334731
2016-02-22,7.7900,7.9100,7.7700,7.9000,16755872
2016-02-19,7.5900,7.7450,7.4900,7.6500,19930067
2016-02-18,7.9000,7.9000,7.5100,7.6200,24288052
2016-02-17,7.9400,8.0200,7.7600,7.8200,20674906
2016-02-16,7.7600,7.9300,7.6200,7.8400,24383687
2016-02-12,7.2400,7.6300,7.2150,7.6000,32594948
2016-02-11,7.2500,7.2960,7.0000,7.0800,28325038
2016-02-10,7.7000,7.7900,7.5100,7.5100,23601173
2016-02-09,7.3700,7.6950,7.3400,7.6500,26029689
2016-02-08,7.6700,7.6800,7.3700,7.5300,26654505
2016-02-05,7.9500,8.0450,7.7800,7.8000,20024475
2016-02-04,7.7600,8.1000,7.7400,7.9000,22205162
2016-02-03,7.7000,7.8700,7.3400,7.8200,34311685
2016-02-02,7.7800,7.7800,7.5600,7.6300,27106236
2016-02-01,8.1300,8.1500,7.8800,7.9400,24594047
2016-01-29,8.0200,8.1550,7.9600,8.1200,26117455
2016-01-28,8.0800,8.2600,7.9800,8.0100,29477973
2016-01-27,7.8100,8.1800,7.7500,7.9500,28181572
2016-01-26,7.6300,7.9300,7.6300,7.8200,22821137
2016-01-25,7.8700,7.9100,7.5500,7.5700,18528419
2016-01-22,7.9600,8.1000,7.9100,7.9300,17985400
2016-01-21,7.8600,8.0800,7.7800,7.8300,31909035
2016-01-20,7.8600,8.0300,7.6000,7.9000,34518270
2016-01-19,8.3100,8.4000,8.0000,8.0800,29177937
2016-01-15,8.1000,8.2600,8.0000,8.2000,9198206
2016-01-14,8.3800,8.4799,8.1700,8.3600,43911970
2016-01-13,8.8100,8.8300,8.2800,8.3300,27971637
2016-01-12,8.7800,8.8200,8.5201,8.7400,18781174
2016-01-11,8.8400,8.9000,8.5700,8.6800,19568600
2016-01-08,9.0400,9.1000,8.7300,8.7600,23234301
2016-01-07,9.0500,9.1700,8.9600,8.9600,27113583
2016-01-06,9.2600,9.3400,9.1750,9.2600,17107872
2016-01-05,9.4500,9.5100,9.3300,9.4200,16058338
2016-01-04,9.3500,9.4800,9.3000,9.4400,17833973
2015-12-31,9.5800,9.7300,9.5400,9.6000,9616292
2015-12-30,9.7400,9.7400,9.6100,9.6500,6842693
2015-12-29,9.7000,9.7900,9.6800,9.7600,8090498
2015-12-28,9.6600,9.6800,9.4800,9.6300,8696136
2015-12-24,9.6800,9.7800,9.6600,9.7100,3692442
2015-12-23,9.5700,9.7000,9.5300,9.6900,10671864
2015-12-22,9.4900,9.5100,9.3000,9.5000,13100705
2015-12-21,9.3900,9.4200,9.2500,9.3900,14228266
2015-12-18,9.5200,9.6100,9.3100,9.3500,55884755
2015-12-17,9.9800,10.0200,9.7300,9.7300,21232803
2015-12-16,9.8600,9.9800,9.6400,9.9400,30767517
2015-12-15,9.5200,9.8600,9.5100,9.7700,21971922
2015-12-14,9.4700,9.5200,9.2000,9.3600,20947326
2015-12-11,9.4400,9.5000,9.3000,9.3700,17851214
2015-12-10,9.4500,9.7400,9.3700,9.6100,16272460
2015-12-09,9.5600,9.6600,9.3400,9.4500,25877320
2015-12-08,9.9400,9.9650,9.6000,9.6400,24117737
2015-12-07,10.2100,10.2289,9.9800,10.0300,15003244
2015-12-04,10.0000,10.2800,9.9100,10.2600,19156354
2015-12-03,10.1500,10.1700,9.9300,9.9700,15801615
2015-12-02,10.2800,10.2800,10.0800,10.1000,13473188
2015-12-01,10.2100,10.2800,10.1200,10.2500,14012923
2015-11-30,10.1700,10.2000,10.0600,10.1400,11749396
2015-11-27,10.0900,10.1800,10.0100,10.1700,5135997
2015-11-25,10.1400,10.2000,10.0400,10.0900,8577336
2015-11-24,10.0100,10.1700,9.9900,10.1300,13836279
2015-11-23,10.1100,10.1900,10.0500,10.0800,10235877
2015-11-20,10.2100,10.2300,10.0300,10.0800,15200087
2015-11-19,10.0300,10.2200,9.8200,10.1400,32049346
2015-11-18,9.9000,10.0900,9.8400,10.0900,19338256
2015-11-17,9.8700,10.0100,9.8500,9.8700,13332830
2015-11-16,9.6600,9.8200,9.6200,9.8100,12428571
2015-11-13,9.7900,9.8300,9.6700,9.7100,13141069
2015-11-12,9.8700,9.9000,9.7800,9.8000,15262562
2015-11-11,10.1100,10.1700,9.9400,9.9500,12105545
2015-11-10,9.9800,10.1100,9.8600,10.0700,14183197
2015-11-09,10.0800,10.2000,9.9000,9.9900,17932164
2015-11-06,10.0100,10.2100,10.0100,10.1300,23750981
2015-11-05,9.6000,9.8000,9.5800,9.7300,20709958
2015-11-04,9.5800,9.6400,9.5310,9.5900,11767228
2015-11-03,9.5500,9.6400,9.5000,9.5400,11116170
2015-11-02,9.4400,9.6000,9.3800,9.5800,13042759
2015-10-30,9.6200,9.6700,9.2400,9.3500,23278587
2015-10-29,9.6700,9.7600,9.6200,9.6400,14713006
2015-10-28,9.2600,9.6900,9.2400,9.6600,17966538
2015-10-27,9.2600,9.3100,9.1600,9.2400,9074966
2015-10-26,9.4500,9.4900,9.2750,9.3200,9041126
2015-10-23,9.2800,9.4600,9.2300,9.4500,16672263
2015-10-22,9.0900,9.3000,9.0900,9.2100,17742764
2015-10-21,9.1600,9.2600,9.0200,9.0300,16319750
2015-10-20,9.1000,9.3000,9.0200,9.2100,25254509
2015-10-19,9.0100,9.1200,8.9300,8.9400,12407259
2015-10-16,9.1300,9.1500,8.9600,9.0200,15726174
2015-10-15,8.9000,9.1000,8.8400,9.0800,17702348
2015-10-14,8.9900,9.0100,8.7500,8.8200,15898632
2015-10-13,9.0600,9.1100,8.9800,8.9800,12389544
2015-10-12,9.0600,9.1200,9.0150,9.0800,10553202
2015-10-09,9.2300,9.3100,9.0400,9.0900,11229000
2015-10-08,9.1700,9.2900,9.1000,9.2600,15348059
2015-10-07,9.1500,9.2800,9.0850,9.2100,15429815
2015-10-06,9.0200,9.1300,8.9900,9.0900,13598814
2015-10-05,8.9800,9.1000,8.9300,9.0400,18751509
2015-10-02,8.7600,8.9100,8.5400,8.9100,21448970
2015-10-01,9.0100,9.0700,8.9050,9.0300,14611930
2015-09-30,9.0400,9.0600,8.8801,9.0100,14777532
2015-09-29,8.8100,8.9000,8.7400,8.8300,12505021
2015-09-28,9.0400,9.0500,8.8000,8.8000,12824722
2015-09-25,9.0800,9.1400,9.0200,9.0800,12335891
2015-09-24,8.8200,8.9400,8.7800,8.9200,10548012
2015-09-23,8.8800,9.0600,8.8800,8.9500,10734526
2015-09-22,8.9300,9.0599,8.8600,8.9200,14478599
2015-09-21,9.0300,9.1900,9.0100,9.0900,15483964
2015-09-18,9.1600,9.1800,8.9200,8.9400,28374197
2015-09-17,9.5500,9.6250,9.2300,9.2900,35232532
2015-09-16,9.7200,9.7200,9.4300,9.5700,17330028
2015-09-15,9.6600,9.7650,9.6400,9.7300,16306506
2015-09-14,9.4700,9.7000,9.4400,9.5900,17577004
2015-09-11,9.4300,9.5300,9.4000,9.5100,12928834
2015-09-10,9.2900,9.5800,9.2900,9.5200,16330732
2015-09-09,9.6200,9.6600,9.3100,9.3400,10729200
2015-09-08,9.4700,9.5400,9.3600,9.5200,10021180
2015-09-04,9.3500,9.4000,9.1600,9.2600,12480468
2015-09-03,9.3700,9.5850,9.3100,9.4300,13322120
2015-09-02,9.3600,9.3700,9.1300,9.3400,12066770
2015-09-01,9.3700,9.4200,9.1200,9.2100,19584664
2015-08-31,9.5200,9.6400,9.4800,9.5900,13324553
2015-08-28,9.5200,9.6399,9.4800,9.6200,13096891
2015-08-27,9.3900,9.5900,9.3500,9.5600,24075567
2015-08-26,9.0800,9.2700,8.9300,9.2500,22493500
2015-08-25,9.4500,9.5000,8.7600,8.7700,29718633
2015-08-24,9.1100,9.4000,8.9500,8.9800,38292980
2015-08-21,9.8200,9.9000,9.6500,9.6700,19259735
2015-08-20,10.1600,10.2000,9.9300,9.9300,19190640
2015-08-19,10.4600,10.5000,10.2300,10.2500,29845517
2015-08-18,10.5300,10.6000,10.4600,10.5000,10898680
2015-08-17,10.4400,10.6100,10.3800,10.5500,13069798
2015-08-14,10.4300,10.5700,10.3700,10.5500,11154852
2015-08-13,10.4100,10.4900,10.3300,10.4100,13293377
2015-08-12,10.4700,10.4800,10.1900,10.3500,16636619
2015-08-11,10.6900,10.7300,10.5200,10.5800,12792637
2015-08-10,10.7000,10.8100,10.6400,10.8000,12584653
2015-08-07,10.5400,10.7200,10.4900,10.6200,26399330
2015-08-06,10.5300,10.6650,10.4850,10.5700,20280806
2015-08-05,10.4500,10.6400,10.4150,10.4800,12091757
2015-08-04,10.3700,10.5300,10.3600,10.3700,13652888
2015-08-03,10.4000,10.4600,10.2700,10.3700,14982311
2015-07-31,10.5500,10.5600,10.3800,10.3900,11300749
2015-07-30,10.5100,10.6000,10.4600,10.5700,11128546
2015-07-29,10.4100,10.5600,10.3500,10.5200,15971936
2015-07-28,10.4500,10.5300,10.2800,10.4000,14120981
2015-07-27,10.4800,10.4800,10.3350,10.4100,18577526
2015-07-24,10.6000,10.6500,10.5200,10.5600,15410598
2015-07-23,10.6800,10.8650,10.5200,10.6200,25786380
2015-07-22,10.3700,10.8500,10.3700,10.7000,50667390
2015-07-21,10.2400,10.5200,10.2350,10.4100,25902186
2015-07-20,10.2000,10.2400,10.0900,10.2000,17290973
2015-07-17,10.2400,10.2700,10.0200,10.1200,26639633
2015-07-16,10.4200,10.4600,10.3500,10.3900,14450126
2015-07-15,10.2500,10.4700,10.2300,10.3100,26565594
2015-07-14,10.0700,10.2300,10.0500,10.2200,21315812
2015-07-13,10.2500,10.3000,10.1900,10.2000,13757894
2015-07-10,10.1500,10.2500,10.0800,10.1400,13351730
2015-07-09,9.9900,10.0400,9.9300,10.0000,14817598
2015-07-08,9.9600,9.9700,9.8200,9.8300,17361888
2015-07-07,10.1200,10.1400,9.8200,10.0400,20789436
2015-07-06,10.1100,10.2200,10.0700,10.1700,12639119
2015-07-02,10.3300,10.4100,10.1900,10.2700,12811005
2015-07-01,10.4700,10.5300,10.3900,10.4100,10993240
2015-06-30,10.3900,10.5100,10.2900,10.3600,12922573
2015-06-29,10.3700,10.4800,10.2300,10.2900,18227794
2015-06-26,10.6300,10.6957,10.5100,10.5300,14277205
2015-06-25,10.7100,10.7300,10.4900,10.5700,15100383
2015-06-24,10.7200,10.7900,10.6200,10.6700,9869327
2015-06-23,10.6800,10.8150,10.6400,10.7600,12882556
2015-06-22,10.5400,10.6100,10.5000,10.6100,9267160
2015-06-19,10.4500,10.5100,10.4000,10.4400,10049168
2015-06-18,10.4800,10.5100,10.2700,10.5000,16610258
2015-06-17,10.6300,10.6800,10.4100,10.4400,14028875
2015-06-16,10.5000,10.6200,10.4450,10.6000,8919407
2015-06-15,10.4500,10.5600,10.4200,10.5000,10774116
2015-06-12,10.5500,10.6200,10.5150,10.5800,9064543
2015-06-11,10.6400,10.6900,10.5100,10.5600,12486654
2015-06-10,10.5500,10.7500,10.5300,10.6500,14940057
2015-06-09,10.4500,10.6400,10.3900,10.5500,17767353
2015-06-08,10.4600,10.6400,10.4200,10.4300,15661838
2015-06-05,10.4100,10.6200,10.4100,10.5200,25929043
2015-06-04,10.2500,10.3500,10.1900,10.2200,15847769
2015-06-03,10.1700,10.3500,10.1300,10.3000,35804202
2015-06-02,10.0000,10.1555,9.9800,10.1300,14823803
2015-06-01,10.1400,10.1700,9.9600,9.9800,14854957
2015-05-29,10.2400,10.2400,10.0700,10.0900,12771783
2015-05-28,10.2700,10.3000,10.1300,10.2200,10353433
2015-05-27,10.2100,10.2900,10.1850,10.2800,8677217
2015-05-26,10.1800,10.2100,10.1100,10.1800,10852856
2015-05-22,10.2500,10.3000,10.2200,10.2200,6979614
2015-05-21,10.2200,10.3200,10.1800,10.2400,13552179
2015-05-20,10.3600,10.3850,10.2200,10.2600,9431048
2015-05-19,10.2400,10.4100,10.2300,10.3900,15793835
2015-05-18,10.0200,10.2500,10.0100,10.2100,14927649
2015-05-15,10.2000,10.2300,9.9400,9.9800,18779958
2015-05-14,10.3000,10.3100,10.1600,10.1900,14835743
2015-05-13,10.1500,10.2900,10.0800,10.2600,14809684
2015-05-12,10.0300,10.2500,9.9900,10.1700,21751010
2015-05-11,9.9500,10.0800,9.9200,10.0700,12547911
2015-05-08,9.9400,9.9800,9.8400,9.9300,20395325
2015-05-07,9.8800,9.9600,9.7800,9.8900,15442317
2015-05-06,9.9700,10.0000,9.8200,9.9200,14280643
2015-05-05,9.9400,10.1400,9.9100,9.9100,26269756
2015-05-04,9.8500,9.9900,9.8400,9.9800,12280909
2015-05-01,9.8600,9.9100,9.7500,9.8300,11788040
2015-04-30,9.7900,9.9100,9.7500,9.8300,22080499
2015-04-29,9.6100,9.8900,9.5900,9.8000,17493074
2015-04-28,9.5600,9.6700,9.5300,9.6400,12141051
2015-04-27,9.6200,9.6900,9.5600,9.5600,10873256
2015-04-24,9.6500,9.6900,9.5500,9.5800,11099181
2015-04-23,9.6700,9.7000,9.5900,9.6200,10795480
2015-04-22,9.5100,9.7500,9.4900,9.7300,18488601
2015-04-21,9.7500,9.8700,9.5500,9.5800,30466539
2015-04-20,9.6300,9.6700,9.5300,9.5900,14857081
2015-04-17,9.6400,9.6700,9.5600,9.5900,12992911
2015-04-16,9.7200,9.7300,9.6000,9.7000,19136601
2015-04-15,9.5500,9.7500,9.5000,9.7100,19924799
2015-04-14,9.5800,9.6000,9.4900,9.5400,20994943
2015-04-13,9.5800,9.6800,9.5750,9.6400,14896999
2015-04-10,9.6500,9.6900,9.5400,9.5900,17772726
2015-04-09,9.6300,9.7100,9.5700,9.6700,17433952
2015-04-08,9.6200,9.7250,9.6000,9.6300,19775446
2015-04-07,9.5400,9.7000,9.5300,9.6200,11861381
2015-04-06,9.2800,9.5900,9.2800,9.5500,14104310
2015-04-02,9.5100,9.6400,9.4200,9.5800,19494395
2015-04-01,9.4500,9.4800,9.3300,9.4600,19358893
2015-03-31,9.2900,9.4500,9.2400,9.4500,25716083
2015-03-30,9.3100,9.3900,9.3000,9.3400,11360900
2015-03-27,9.3400,9.3500,9.1800,9.2300,15379738
2015-03-26,9.2600,9.3700,9.1700,9.3100,19301730
2015-03-25,9.4300,9.4300,9.2400,9.2500,14946196
2015-03-24,9.5400,9.5500,9.4000,9.4300,16705159
2015-03-23,9.6200,9.6700,9.4700,9.5500,14963439
2015-03-20,9.5400,9.6400,9.4700,9.6400,26440146
2015-03-19,9.6800,9.7000,9.2700,9.5000,38704271
2015-03-18,9.8800,9.9800,9.5500,9.6900,30471390
2015-03-17,9.8400,9.9100,9.7200,9.8900,19052442
2015-03-16,9.9100,9.9700,9.7600,9.8800,13490475
2015-03-13,9.8600,9.9600,9.8100,9.9100,20272531
2015-03-12,9.8700,9.9600,9.7900,9.8900,32861873
2015-03-11,9.5300,9.5900,9.5000,9.5400,10318153
2015-03-10,9.6400,9.6600,9.5500,9.5500,16660502
2015-03-09,9.7150,9.8600,9.7100,9.7600,11022206
2015-03-06,9.7300,9.9800,9.6800,9.7600,20008124
2015-03-05,9.5500,9.7100,9.4500,9.7000,10092280
2015-03-04,9.5600,9.5800,9.5000,9.5500,7859654
2015-03-03,9.6200,9.6750,9.5500,9.6200,11552569
2015-03-02,9.5800,9.7100,9.5400,9.7000,7853946
2015-02-27,9.5900,9.6600,9.5700,9.6100,8080219
2015-02-26,9.6100,9.6700,9.5400,9.6200,10429803
2015-02-25,9.6800,9.6800,9.5800,9.6200,7689693
2015-02-24,9.5600,9.7299,9.5600,9.6700,12723567
2015-02-23,9.5900,9.6300,9.4800,9.5700,11830692
2015-02-20,9.5000,9.6700,9.4100,9.6600,10207140
2015-02-19,9.4800,9.5600,9.3600,9.5300,10257867
2015-02-18,9.6500,9.6600,9.4800,9.5100,11056476
2015-02-17,9.4900,9.6800,9.4400,9.6800,13311011
2015-02-13,9.5600,9.6600,9.4600,9.5200,10904217
2015-02-12,9.4100,9.5900,9.3500,9.5400,16265427
2015-02-11,9.3100,9.4000,9.2600,9.3200,16271736
2015-02-10,9.4100,9.4700,9.2650,9.3500,13432773
2015-02-09,9.4200,9.4500,9.3100,9.3600,18081128
2015-02-06,9.4900,9.7100,9.4400,9.5600,33160333
2015-02-05,9.0900,9.2400,9.0900,9.2000,14320454
2015-02-04,9.0700,9.1800,9.0400,9.0400,17204527
2015-02-03,8.9500,9.1400,8.9500,9.1100,18652284
2015-02-02,8.7800,8.9600,8.7000,8.9300,21380814
2015-01-30,8.6900,8.9000,8.6600,8.7000,19817389
2015-01-29,8.7200,8.8800,8.6900,8.8500,21703450
2015-01-28,9.0600,9.0700,8.7300,8.7400,21154466
2015-01-27,8.9700,9.0800,8.8800,8.9700,19222261
2015-01-26,9.0000,9.1300,8.9700,9.0800,21049715
2015-01-23,9.1600,9.2600,8.9950,9.0100,22071076
2015-01-22,8.7700,9.2900,8.7600,9.1900,31189948
2015-01-21,8.8000,8.8500,8.6700,8.7100,26962206
2015-01-20,8.8600,9.0700,8.5900,8.7400,49734974
2015-01-16,8.9800,9.1550,8.9000,9.0700,41123525
2015-01-15,9.0700,9.1800,8.9000,8.9900,24859422
2015-01-14,9.2400,9.3100,9.0800,9.1600,24601134
2015-01-13,9.6100,9.7100,9.3200,9.3900,18947796
2015-01-12,9.7500,9.7900,9.4900,9.5400,17224174
2015-01-09,10.0200,10.0300,9.6900,9.7300,14889861
2015-01-08,9.9700,10.0400,9.9100,10.0200,14098621
2015-01-07,9.9300,9.9600,9.7450,9.8700,14461928
2015-01-06,10.1100,10.1200,9.7700,9.8100,22149386
2015-01-05,10.4600,10.5000,10.1125,10.1500,12598126
2015-01-02,10.6500,10.6800,10.3600,10.5100,9557701
2014-12-31,10.7400,10.7650,10.5500,10.5600,6229132
2014-12-30,10.7000,10.7700,10.6300,10.7000,7921337
2014-12-29,10.6500,10.8300,10.6300,10.7300,10192361
2014-12-26,10.6700,10.7500,10.6400,10.6800,6512832
2014-12-24,10.6900,10.6900,10.5600,10.6700,4854369
2014-12-23,10.5500,10.7150,10.5150,10.6600,11369709
2014-12-22,10.4800,10.5200,10.3900,10.5100,8526443
2014-12-19,10.4900,10.5500,10.4400,10.4500,17396754
2014-12-18,10.3100,10.4500,10.3000,10.4400,19974155
2014-12-17,9.9700,10.2300,9.9200,10.2200,21593285
2014-12-16,9.7700,10.0500,9.7300,9.9200,26962091
2014-12-15,10.0600,10.0900,9.8300,9.8600,15773355
2014-12-12,10.0800,10.1500,9.9800,10.0100,13203068
2014-12-11,10.1500,10.3100,10.1100,10.1700,14805277
2014-12-10,10.3500,10.4500,10.1200,10.1400,16788890
2014-12-09,10.2400,10.4600,10.2000,10.4500,16127004
2014-12-08,10.3500,10.5300,10.2800,10.3700,18257397
2014-12-05,10.2000,10.4500,10.1700,10.3700,24235396
2014-12-04,9.9600,10.1100,9.8900,10.1100,19005032
2014-12-03,9.8500,9.9800,9.8000,9.9600,9670049
2014-12-02,9.7400,9.9300,9.7400,9.8600,15505901
2014-12-01,10.0100,10.0210,9.7300,9.7700,17304550
2014-11-28,10.1500,10.1900,10.0500,10.0700,6981068
2014-11-26,10.1500,10.1800,10.0900,10.1400,9158818
2014-11-25,10.2000,10.2100,10.1000,10.1400,10342499
2014-11-24,10.1000,10.2000,10.1000,10.1800,10152932
2014-11-21,10.1300,10.1900,10.0400,10.0400,10818043
2014-11-20,10.0200,10.0300,9.9300,10.0300,14458119
2014-11-19,10.1000,10.1250,9.9900,10.0700,10429352
2014-11-18,10.0800,10.1450,10.0800,10.0900,7941815
2014-11-17,10.1200,10.1350,10.0600,10.1000,10299028
2014-11-14,10.1400,10.2200,10.1300,10.1700,12756846
2014-11-13,10.1900,10.2300,10.1000,10.1700,11572447
2014-11-12,10.1500,10.2100,10.1000,10.2100,12348990
2014-11-11,10.2300,10.2850,10.1600,10.1900,8255262
2014-11-10,10.2000,10.2300,10.1400,10.2300,12227467
2014-11-07,10.1500,10.2200,10.0900,10.1600,17372856
2014-11-06,10.1100,10.2700,10.0101,10.2300,19488213
2014-11-05,10.0800,10.1400,10.0100,10.1100,20024588
2014-11-04,10.0400,10.0800,9.9300,10.0100,15628202
2014-11-03,9.8900,10.0800,9.8800,10.0300,17205593
2014-10-31,9.8700,9.9700,9.8300,9.9300,17040201
2014-10-30,9.7200,9.8500,9.6500,9.7600,14804381
2014-10-29,9.6000,9.8300,9.5800,9.7600,17592333
2014-10-28,9.4100,9.6500,9.4100,9.6300,13103755
2014-10-27,9.4100,9.4500,9.3400,9.4000,12277045
2014-10-24,9.4400,9.4900,9.3300,9.4400,16111584
2014-10-23,9.3900,9.5100,9.3600,9.4100,19928775
2014-10-22,9.2000,9.3600,9.1900,9.2600,33571617
2014-10-21,9.2200,9.4100,9.1400,9.2600,42954346
2014-10-20,9.0800,9.2800,9.0800,9.1600,22126306
2014-10-17,9.1400,9.2500,9.0400,9.1000,25394606
2014-10-16,8.9600,9.2100,8.9300,9.0600,31833478
2014-10-15,9.2700,9.3000,8.8500,9.1000,30575212
2014-10-14,9.5300,9.6000,9.4600,9.5200,20649847
2014-10-13,9.6300,9.7100,9.4300,9.4300,19951177
2014-10-10,9.7100,9.8500,9.5900,9.5900,15840223
2014-10-09,9.9000,9.9400,9.7200,9.7200,19678602
2014-10-08,9.8400,10.0200,9.8200,10.0000,18163804
2014-10-07,10.0100,10.0200,9.8600,9.8600,24718000
2014-10-06,10.1300,10.1400,9.9800,9.9800,9175159
2014-10-03,10.0100,10.1200,10.0000,10.1000,15774541
2014-10-02,9.8900,9.9700,9.7700,9.9100,12609593
2014-10-01,10.0300,10.0500,9.8500,9.8900,15773796
2014-09-30,10.0800,10.1400,9.9800,10.0400,14261721
2014-09-29,10.0000,10.1300,9.9900,10.0600,10405127
2014-09-26,10.0800,10.1600,10.0600,10.1200,12727756
2014-09-25,10.1500,10.1700,10.0100,10.0600,11251233
2014-09-24,10.1700,10.2190,10.0600,10.1800,14147230
2014-09-23,10.3100,10.3700,10.1800,10.1800,11440450
2014-09-22,10.4600,10.4700,10.3200,10.3400,14213621
2014-09-19,10.6100,10.6300,10.3800,10.4400,15740500
2014-09-18,10.4400,10.6300,10.4200,10.5400,21650000
2014-09-17,10.2100,10.5100,10.1900,10.3800,25588300
2014-09-16,10.2300,10.3250,10.2000,10.2100,12224100
2014-09-15,10.3100,10.3700,10.2100,10.2800,14761400
2014-09-12,10.3100,10.4200,10.2800,10.3500,24691900
2014-09-11,10.1400,10.2900,10.1400,10.2800,12638500
2014-09-10,9.9600,10.2300,9.9500,10.2000,17175000
2014-09-09,10.1100,10.1400,10.0000,10.0000,12066900
2014-09-08,10.1200,10.1600,10.0700,10.1500,7486000
2014-09-05,10.1199,10.1500,10.0200,10.1400,7557800
2014-09-04,10.1600,10.2600,10.1200,10.1400,10880700
2014-09-03,10.2200,10.2700,10.1000,10.1200,18234700
2014-09-02,10.1800,10.2750,10.1000,10.1800,16182400
2014-08-29,10.1200,10.1600,10.0500,10.1500,7311400
2014-08-28,10.1300,10.1500,10.0600,10.1100,5987100
2014-08-27,10.2801,10.3000,10.1400,10.1600,6079300
2014-08-26,10.2300,10.3100,10.1900,10.2600,11046700
2014-08-25,10.1600,10.2400,10.1300,10.2200,6990800
2014-08-22,10.1000,10.2400,10.0500,10.1000,7796400
2014-08-21,9.9600,10.1800,9.9400,10.1200,12001800
2014-08-20,9.8800,9.9900,9.8600,9.9600,7524100
2014-08-19,9.9700,10.0400,9.8700,9.8800,11614100
2014-08-18,9.8499,10.0200,9.8200,9.9500,9870600
2014-08-15,9.9300,10.0250,9.7400,9.7800,17638500
2014-08-14,9.9000,9.9700,9.8600,9.9000,8037000
2014-08-13,9.7700,9.9300,9.7699,9.9100,17097700
2014-08-12,9.7100,9.8100,9.7100,9.7400,6495700
2014-08-11,9.8200,9.8300,9.7100,9.7200,8277700
2014-08-08,9.7500,9.7600,9.6600,9.7600,13231100
2014-08-07,9.8900,9.8900,9.6500,9.7100,12710500
2014-08-06,9.8200,9.9950,9.7900,9.8400,12292400
2014-08-05,9.8700,10.0000,9.8100,9.8500,10879300
2014-08-04,9.9900,10.0650,9.8300,9.9400,2687088
2014-08-01,10.0900,10.1200,9.8700,9.9900,2983005
2014-07-31,10.2300,10.2900,10.1100,10.1400,14883200
2014-07-30,10.2500,10.3700,10.2000,10.3000,10200500
2014-07-29,10.2000,10.2700,10.1500,10.1800,10627200
2014-07-28,10.3500,10.3700,10.2100,10.2400,10140800
2014-07-25,10.2500,10.3800,10.2500,10.3600,11916300
2014-07-24,10.1200,10.3200,10.1000,10.2900,15571800
2014-07-23,10.0800,10.2000,10.0480,10.1000,15607200
2014-07-22,10.3200,10.3500,9.9400,10.1000,27348800
2014-07-21,10.2500,10.2500,10.1100,10.1900,27103600
2014-07-18,10.2800,10.3300,10.1900,10.2500,4535469
2014-07-17,10.5600,10.5900,10.1800,10.2100,3834271
2014-07-16,10.7900,10.7900,10.6100,10.6300,10435100
2014-07-15,10.6700,10.7900,10.6500,10.7300,10682900
2014-07-14,10.7100,10.7400,10.6000,10.6200,5882300
2014-07-11,10.5100,10.6900,10.4600,10.6100,10612100
2014-07-10,10.4700,10.6200,10.4200,10.5500,12190300
2014-07-09,10.6000,10.6799,10.5900,10.6300,8271400
2014-07-08,10.7200,10.7600,10.5400,10.5700,9205200
2014-07-07,10.8300,10.8300,10.7300,10.7700,9994800
2014-07-03,10.8000,10.9550,10.7800,10.8700,5475100
2014-07-02,10.7800,10.8400,10.6900,10.7000,6844500
2014-07-01,10.6900,10.8600,10.6800,10.7600,9365500
2014-06-30,10.6100,10.7200,10.6100,10.6200,8954900
2014-06-27,10.6800,10.7500,10.6200,10.6700,10064600
2014-06-26,10.6800,10.7000,10.5200,10.6800,9688400
2014-06-25,10.5600,10.7150,10.4300,10.6800,14440600
2014-06-24,10.6700,10.7600,10.5800,10.5800,11715700
2014-06-23,10.7800,10.7900,10.6400,10.7100,16961400
2014-06-20,10.7600,10.8300,10.6400,10.7700,30387900
2014-06-19,10.7400,10.7800,10.6100,10.6900,9665200
2014-06-18,10.7500,10.7850,10.6700,10.7300,14439800
2014-06-17,10.5700,10.8400,10.5600,10.7400,14556200
2014-06-16,10.6800,10.7000,10.5500,10.5900,14502900
2014-06-13,10.6300,10.7400,10.5600,10.7100,17700900
2014-06-12,10.7400,10.8000,10.5600,10.6100,11706400
2014-06-11,10.8100,10.8200,10.6800,10.7300,10044900
2014-06-10,10.9000,10.9000,10.7000,10.8600,10491400
2014-06-09,10.6400,10.9100,10.6100,10.8500,16686800
2014-06-06,10.6100,10.6900,10.5600,10.6300,9165900
2014-06-05,10.5300,10.6300,10.4000,10.6000,16513300
2014-06-04,10.4000,10.5550,10.3600,10.4900,22393800
2014-06-03,10.3000,10.4900,10.2500,10.4400,14303200
2014-06-02,10.1800,10.3700,10.1500,10.3400,13729300
2014-05-30,10.0999,10.2000,10.0900,10.1900,10480600
2014-05-29,10.0900,10.1854,10.0200,10.1000,11312000
2014-05-28,10.1100,10.1750,10.0500,10.1000,11533200
2014-05-27,10.1300,10.2500,10.0800,10.1200,9732800
2014-05-23,10.0800,10.1800,10.0400,10.0700,8257400
2014-05-22,10.1000,10.1650,10.0100,10.0900,9021300
2014-05-21,10.0000,10.1700,10.0000,10.1000,7336000
2014-05-20,10.0100,10.0500,9.9000,9.9800,12059500
2014-05-19,9.8500,10.0400,9.8400,10.0300,8691700
2014-05-16,10.0100,10.0500,9.8000,9.8800,14274800
2014-05-15,10.1600,10.1800,9.9000,10.0400,20326600
2014-05-14,10.3800,10.4000,10.1400,10.1900,16732400
2014-05-13,10.5500,10.5600,10.4100,10.4300,13860400
2014-05-12,10.3100,10.5200,10.2700,10.5100,15253200
2014-05-09,10.1300,10.2700,10.0300,10.2600,8666200
2014-05-08,10.2100,10.3800,10.1500,10.1700,14772200
2014-05-07,10.1600,10.2600,10.0600,10.2500,13393400
2014-05-06,10.2300,10.2800,10.0900,10.1100,10493100
2014-05-05,10.3400,10.3400,10.1700,10.2500,12099400
2014-05-02,10.2300,10.5000,10.2200,10.2400,11708700
2014-05-01,10.1900,10.2700,10.1100,10.2100,14076300
2014-04-30,10.0600,10.1700,10.0000,10.1400,10612600
2014-04-29,10.1400,10.1800,10.0400,10.0900,7174100
2014-04-28,10.2000,10.2400,9.9800,10.0700,15474500
2014-04-25,10.2700,10.3200,10.1000,10.1500,12863500
2014-04-24,10.4500,10.4700,10.2600,10.3100,11848900
2014-04-23,10.3900,10.5200,10.3400,10.4100,11883900
2014-04-22,10.4000,10.5400,10.2800,10.3900,19540100
2014-04-21,10.2400,10.3200,10.1700,10.2800,12494500
2014-04-17,10.3200,10.4100,10.2000,10.2200,17835300
2014-04-16,10.3200,10.3700,10.2100,10.3400,10698500
2014-04-15,10.2000,10.2800,10.0450,10.2700,13132700
2014-04-14,10.3600,10.4200,10.0000,10.1800,14060700
2014-04-11,10.1000,10.3000,9.9600,10.1700,21157600
2014-04-10,10.7200,10.7750,10.2900,10.2900,23123000
2014-04-09,10.6700,10.7800,10.6300,10.6900,12992200
2014-04-08,10.7300,10.8300,10.5600,10.6600,12826900
2014-04-07,10.9600,10.9700,10.6100,10.7400,15554700
2014-04-04,11.1300,11.2500,10.9400,10.9700,15490400
2014-04-03,11.0850,11.1300,10.9100,11.0800,12892100
2014-04-02,11.2800,11.2800,11.0000,11.0900,20477100
2014-04-01,11.1200,11.2800,11.0700,11.2500,14528800
2014-03-31,11.0200,11.1200,10.9900,11.1100,10591100
2014-03-28,10.8200,11.0700,10.7700,10.9500,13414300
2014-03-27,10.9400,10.9850,10.7200,10.7900,18555000
2014-03-26,11.1900,11.2300,10.9750,11.0000,2338224
2014-03-25,11.1200,11.1400,10.9900,11.1100,2177135
2014-03-24,11.1500,11.3200,11.0300,11.0700,19259400
2014-03-21,11.5000,11.5400,11.0800,11.0900,50564700
2014-03-20,11.0401,11.3700,11.0300,11.3000,21195200
2014-03-19,10.8200,11.1800,10.7900,11.0900,21808600
2014-03-18,10.8200,10.8900,10.7400,10.8100,9476400
2014-03-17,10.6800,10.8600,10.6800,10.8000,13999200
2014-03-14,10.6500,10.7900,10.6000,10.6300,10703700
2014-03-13,10.7900,10.9000,10.6500,10.6700,14290100
2014-03-12,10.7400,10.7700,10.5800,10.7500,10292800
2014-03-11,10.9100,10.9700,10.7500,10.8000,14468400
2014-03-10,11.0000,11.0600,10.8300,10.9000,14406100
2014-03-07,10.9800,11.1100,10.9600,11.0500,19680800
2014-03-06,10.7800,10.9100,10.7500,10.8300,15066100
2014-03-05,10.7600,10.8800,10.7000,10.7300,15980100
2014-03-04,10.6700,10.8200,10.6300,10.7800,12966000
2014-03-03,10.5600,10.6000,10.4600,10.5300,11663900
2014-02-28,10.5800,10.7650,10.5400,10.6400,13617200
2014-02-27,10.5100,10.5900,10.4300,10.5700,7872000
2014-02-26,10.4800,10.5300,10.3900,10.5200,10871600
2014-02-25,10.4600,10.5200,10.3800,10.4500,13184200
2014-02-24,10.2900,10.4900,10.2700,10.4400,12908500
2014-02-21,10.2200,10.3700,10.1900,10.2400,10904700
2014-02-20,10.1000,10.2600,10.0300,10.2200,13315400
2014-02-19,10.3500,10.3650,10.0700,10.1000,13759000
2014-02-18,10.3500,10.4200,10.3300,10.3700,6282000
2014-02-14,10.3150,10.4200,10.2800,10.3500,7538400
2014-02-13,10.1550,10.3100,10.1300,10.3000,8496400
2014-02-12,10.3000,10.4300,10.2200,10.2500,9325400
2014-02-11,10.1900,10.3300,10.1100,10.3000,12210800
2014-02-10,10.2400,10.3000,10.1200,10.2000,10865400
2014-02-07,10.3100,10.3800,10.1100,10.2300,17551700
2014-02-06,9.9200,10.2800,9.8800,10.2700,17491000
2014-02-05,9.9300,9.9800,9.8300,9.9000,14989100
2014-02-04,9.9100,10.1400,9.8050,9.9700,15435900
2014-02-03,10.1900,10.1900,9.7900,9.8200,18259200
2014-01-31,10.2900,10.3100,10.1500,10.1700,15592400
2014-01-30,10.4300,10.4500,10.2950,10.4300,8568200
2014-01-29,10.4700,10.5000,10.2300,10.3100,18508700
2014-01-28,10.5500,10.5850,10.3700,10.5300,13402700
2014-01-27,10.6000,10.6100,10.3200,10.4100,16709100
2014-01-24,10.8400,10.8800,10.5200,10.5500,22183200
2014-01-23,10.9400,10.9500,10.7600,10.9200,24655000
2014-01-22,10.8800,11.0800,10.8350,11.0200,20300200
2014-01-21,10.6100,10.9100,10.5000,10.8600,39727600
2014-01-17,10.5000,10.6800,10.4950,10.5700,23296400
2014-01-16,10.5500,10.5700,10.4100,10.4800,13848300
2014-01-15,10.4300,10.6862,10.4300,10.6300,22993200
2014-01-14,10.4200,10.4900,10.2900,10.3700,17881900
2014-01-13,10.4600,10.5100,10.2600,10.3100,16696700
2014-01-10,10.3900,10.5100,10.3300,10.4800,20615600
2014-01-09,10.2700,10.4550,10.2700,10.4500,33896400
2014-01-08,10.1100,10.2900,10.0900,10.2500,18251300
2014-01-07,10.1900,10.2200,10.0250,10.1000,21812600
2014-01-06,10.0300,10.1850,10.0150,10.0700,26432000
2014-01-03,9.9200,9.9600,9.8300,9.8700,6671400
2014-01-02,9.8600,9.9900,9.8300,9.8900,12170200
2013-12-31,9.8400,9.9300,9.8100,9.8900,6774500
2013-12-30,9.8300,9.8600,9.7700,9.8400,4707200
2013-12-27,9.9000,9.9000,9.8000,9.8300,4730400
2013-12-26,9.8500,9.9100,9.8400,9.8800,5327200
2013-12-24,9.8100,9.8700,9.7700,9.8500,3982800
2013-12-23,9.6650,9.8300,9.6400,9.8200,7419600
2013-12-20,9.6400,9.7190,9.5800,9.6300,17570900
2013-12-19,9.5400,9.6500,9.5200,9.5900,10970000
2013-12-18,9.5800,9.6200,9.4400,9.6000,18371400
2013-12-17,9.5600,9.6100,9.5000,9.5200,8037700
2013-12-16,9.6100,9.6300,9.5400,9.5700,8494400
2013-12-13,9.5200,9.5600,9.4500,9.5300,14538200
2013-12-12,9.4100,9.6100,9.3900,9.5200,14537900
2013-12-11,9.6500,9.6600,9.3900,9.4200,15199700
2013-12-10,9.6200,9.6700,9.3500,9.5600,26578100
2013-12-09,9.7600,9.7900,9.6100,9.6300,15019300
2013-12-06,9.6900,9.8200,9.6800,9.7100,16302600
2013-12-05,9.5700,9.6750,9.5500,9.5600,10329700
2013-12-04,9.5600,9.8200,9.5500,9.6700,15705500
2013-12-03,9.7300,9.7700,9.4900,9.5500,16219300
2013-12-02,9.7400,9.9300,9.7300,9.7400,12211500
2013-11-29,9.8300,9.8400,9.7000,9.7300,4863500
2013-11-27,9.7600,9.9300,9.7400,9.8200,9213000
2013-11-26,9.8600,9.9000,9.7500,9.7600,10263400
2013-11-25,9.9100,9.9800,9.8100,9.8200,9733100
2013-11-22,9.7700,9.8600,9.7004,9.8600,7004400
2013-11-21,9.5800,9.8300,9.5800,9.7400,11750500
2013-11-20,9.5900,9.7000,9.5550,9.6100,12090600
2013-11-19,9.6699,9.6700,9.5200,9.5800,13752900
2013-11-18,9.8600,9.8900,9.6500,9.6600,12320000
2013-11-15,9.8400,9.9000,9.7800,9.8500,17799900
2013-11-14,9.7200,9.8200,9.6400,9.8100,12771100
2013-11-13,9.6200,9.7100,9.5600,9.6700,8358900
2013-11-12,9.7600,9.8025,9.5850,9.6400,10934000
2013-11-11,9.7600,9.8400,9.6900,9.8000,10476800
2013-11-08,9.3000,9.7800,9.2850,9.7800,37095500
2013-11-07,9.4801,9.5000,9.2500,9.2600,18588100
2013-11-06,9.5900,9.5900,9.3500,9.4500,21563400
2013-11-05,9.4400,9.5800,9.3700,9.5400,14482500
2013-11-04,9.5600,9.6100,9.4500,9.4500,12847000
2013-11-01,9.6200,9.7500,9.5300,9.5500,14832000
2013-10-31,9.5500,9.6800,9.4900,9.6300,46873700
2013-10-30,9.5300,9.6000,9.4900,9.5400,16111500
2013-10-29,9.6000,9.6300,9.4900,9.5000,15554200
2013-10-28,9.5100,9.6400,9.4400,9.5600,11539600
2013-10-25,9.5400,9.5800,9.4000,9.4900,16669800
2013-10-24,9.5000,9.5600,9.4150,9.5400,17386300
2013-10-23,9.5900,9.6800,9.5100,9.5900,22468800
2013-10-22,9.7600,9.9500,9.5300,9.6800,51792600
2013-10-21,10.0500,10.1300,9.9600,10.0400,20361200
2013-10-18,9.9500,10.1150,9.9000,10.1100,31126400
2013-10-17,9.7700,9.9500,9.7200,9.9400,16369300
2013-10-16,9.6500,9.8300,9.6400,9.8100,13392200
2013-10-15,9.7000,9.7200,9.5300,9.5700,11439100
2013-10-14,9.5400,9.7300,9.5000,9.7200,12353600
2013-10-11,9.4300,9.6500,9.4000,9.5900,16567100
2013-10-10,9.4200,9.5500,9.3800,9.4700,25179500
2013-10-09,9.2500,9.3300,9.1900,9.2800,14863400
2013-10-08,9.2800,9.4100,9.2100,9.2200,14940800
2013-10-07,9.3300,9.3900,9.2700,9.2700,9151500
2013-10-04,9.3200,9.4700,9.3100,9.4300,11716900
2013-10-03,9.3300,9.4300,9.2300,9.3000,17761100
2013-10-02,9.2900,9.4100,9.2500,9.3300,9730600
2013-10-01,9.2600,9.4200,9.2600,9.4000,12132200
2013-09-30,9.1600,9.3300,9.1200,9.2600,13037600
2013-09-27,9.2400,9.4700,9.1900,9.3000,20922200
2013-09-26,9.2500,9.3200,9.1300,9.1800,7553500
2013-09-25,9.1800,9.3500,9.0350,9.2500,19929600
2013-09-24,9.0000,9.2700,8.8400,9.1900,23539200
2013-09-23,9.2500,9.2600,9.0300,9.0700,22966200
2013-09-20,9.2400,9.3200,9.1800,9.2900,20894200
2013-09-19,9.6200,9.6400,9.1500,9.2100,36857600
2013-09-18,9.6400,9.7500,9.5600,9.6100,15766600
2013-09-17,9.6000,9.6400,9.5350,9.6400,11419200
2013-09-16,9.6400,9.6500,9.5400,9.5900,9681800
2013-09-13,9.4600,9.5400,9.4000,9.5200,6917000
2013-09-12,9.5400,9.5700,9.4400,9.4800,8416300
2013-09-11,9.6400,9.6700,9.5000,9.5500,8174000
2013-09-10,9.6000,9.7450,9.5800,9.6600,16719000
2013-09-09,9.5900,9.6000,9.4300,9.5400,15267000
2013-09-06,9.6400,9.6600,9.3800,9.5500,13253900
2013-09-05,9.5000,9.6400,9.5000,9.5700,9079300
2013-09-04,9.3700,9.5900,9.3400,9.4900,16323600
2013-09-03,9.5300,9.6500,9.2800,9.3500,14264700
2013-08-30,9.5300,9.5400,9.3500,9.4000,9168700
2013-08-29,9.4100,9.6200,9.3900,9.4900,10545600
2013-08-28,9.4500,9.5300,9.3400,9.4400,14454000
2013-08-27,9.6900,9.7000,9.4500,9.4650,20356800
2013-08-26,9.9300,9.9450,9.8000,9.8100,10436100
2013-08-23,10.1001,10.1300,9.8900,9.9400,9969400
2013-08-22,9.8600,10.0950,9.8300,10.0600,12848900
2013-08-21,9.8400,9.9750,9.7200,9.8400,18017000
2013-08-20,9.6800,9.9600,9.6600,9.8600,21645800
2013-08-19,9.8400,9.8800,9.6800,9.6800,14287800
2013-08-16,9.7800,9.9500,9.7750,9.8400,14188700
2013-08-15,9.8300,9.9000,9.7600,9.8100,14222200
2013-08-14,9.8700,9.9800,9.8500,9.9500,12576200
2013-08-13,9.9000,9.9600,9.7600,9.8800,11294200
2013-08-12,9.8600,9.9700,9.8100,9.8500,15257800
2013-08-09,9.9200,10.0500,9.9100,9.9200,10860200
2013-08-08,10.0000,10.0500,9.8800,9.9300,11255100
2013-08-07,10.0000,10.0000,9.8650,9.9100,12508300
2013-08-06,10.2400,10.2400,10.0100,10.0200,13452000
2013-08-05,10.2300,10.2900,10.1700,10.2500,7204200
2013-08-02,10.2200,10.3100,10.1450,10.2400,12861300
2013-08-01,10.1200,10.3000,10.0500,10.2600,18890800
2013-07-31,10.0900,10.2750,10.0000,10.0100,27569700
2013-07-30,10.1300,10.1900,9.9900,10.0400,17276200
2013-07-29,10.2300,10.2400,10.0100,10.0600,13308000
2013-07-26,10.1000,10.2500,10.0700,10.2300,10978700
2013-07-25,10.2100,10.3300,10.1000,10.1800,16872400
2013-07-24,10.4600,10.5200,10.2200,10.2200,19704400
2013-07-23,10.3600,10.4300,10.1450,10.4200,34590500
2013-07-22,10.2300,10.4200,10.2100,10.4200,19519500
2013-07-19,10.2700,10.2800,10.1000,10.2300,13346400
2013-07-18,9.9600,10.2700,9.8750,10.2300,16414100
2013-07-17,9.7800,9.9900,9.7700,9.9800,13162600
2013-07-16,9.9400,9.9700,9.7100,9.7400,25940500
2013-07-15,10.0800,10.1150,9.9200,9.9300,13011300
2013-07-12,9.9400,10.0200,9.8800,10.0000,14176600
2013-07-11,10.2800,10.2900,9.7250,9.8800,25174700
2013-07-10,10.2100,10.2200,10.0050,10.1300,18114300
2013-07-09,10.2400,10.2700,10.0400,10.2000,19810500
2013-07-08,10.3100,10.3400,10.1500,10.1500,16502800
2013-07-05,10.0100,10.1800,9.9600,10.1800,13319200
2013-07-03,9.7500,9.8900,9.6500,9.8800,9560100
2013-07-02,9.7500,9.9400,9.7300,9.8200,18019700
2013-07-01,9.6200,9.8000,9.6100,9.7400,12806200
2013-06-28,9.7000,9.7100,9.5200,9.5300,15855500
2013-06-27,9.6001,9.7100,9.5400,9.7100,20494800
2013-06-26,9.4100,9.5400,9.3700,9.5300,22702400
2013-06-25,9.1900,9.3100,9.1300,9.2700,13056800
2013-06-24,9.0100,9.6100,8.9600,9.1000,26617900
2013-06-21,9.1500,9.1800,9.0200,9.1000,29187300
2013-06-20,8.9600,9.1600,8.9500,9.0600,29187500
2013-06-19,9.0700,9.1500,9.0200,9.0700,18897200
2013-06-18,9.0000,9.1300,8.9200,9.1100,14771100
2013-06-17,9.0800,9.0800,8.9200,8.9700,14743500
2013-06-14,9.1400,9.1700,8.9100,8.9800,14164100
2013-06-13,9.0600,9.1800,8.9700,9.1700,11367700
2013-06-12,9.2500,9.3500,8.9900,9.0700,18000900
2013-06-11,9.2400,9.3700,9.1900,9.2200,18512700
2013-06-10,9.3000,9.4000,9.1600,9.3600,22035500
2013-06-07,9.1000,9.2500,8.9800,9.2100,20071900
2013-06-06,8.8700,9.0400,8.8300,9.0300,15185500
2013-06-05,8.9400,9.0000,8.8200,8.8800,18810000
2013-06-04,9.1300,9.2100,8.9350,8.9800,19924900
2013-06-03,9.1600,9.2200,8.9000,9.1200,22932200
2013-05-31,9.3600,9.4400,9.1300,9.1300,17333800
2013-05-30,9.2600,9.4800,9.2500,9.3800,15413600
2013-05-29,9.1500,9.3400,9.1300,9.2600,14873500
2013-05-28,9.2300,9.3100,9.1900,9.2300,15628300
2013-05-24,8.9500,9.1100,8.9500,9.1000,12234400
2013-05-23,8.9200,9.0900,8.8200,8.9900,15793900
2013-05-22,9.1500,9.3350,8.9800,9.0200,16338900
2013-05-21,9.1900,9.2300,9.1200,9.1600,10670600
2013-05-20,9.0400,9.1900,9.0300,9.1500,13365200
2013-05-17,9.0000,9.0900,8.9700,9.0500,15019300
2013-05-16,9.1300,9.1800,8.9000,8.9500,14737300
2013-05-15,8.9800,9.1900,8.9500,9.1400,15372000
2013-05-14,8.8600,9.0000,8.8500,9.0000,13326800
2013-05-13,8.8300,8.9050,8.7800,8.8400,9172900
2013-05-10,8.8100,8.8900,8.7300,8.8100,9702400
2013-05-09,8.8000,8.9200,8.7800,8.8100,15172600
2013-05-08,8.7200,8.8350,8.7000,8.8100,10197100
2013-05-07,8.7700,8.7950,8.6500,8.7300,12495400
2013-05-06,8.5700,8.7100,8.5600,8.7100,7999100
2013-05-03,8.5500,8.6450,8.5400,8.5800,13233900
2013-05-02,8.4300,8.5500,8.3700,8.4600,13190500
2013-05-01,8.4600,8.5200,8.4200,8.4300,17214600
2013-04-30,8.3800,8.4900,8.3600,8.4900,19998800
2013-04-29,8.4000,8.4400,8.3700,8.4200,12958600
2013-04-26,8.3800,8.3900,8.2500,8.3700,18355800
2013-04-25,8.2300,8.3900,8.2300,8.3200,15781600
2013-04-24,8.0200,8.2300,7.9900,8.2200,16023300
2013-04-23,7.9200,8.1200,7.8500,8.0100,24312100
2013-04-22,7.8600,7.8600,7.6800,7.7300,13024700
2013-04-19,7.7400,7.8400,7.6300,7.8300,12312800
2013-04-18,7.8100,7.8300,7.6150,7.6700,15995200
2013-04-17,7.8800,7.9000,7.7100,7.7900,12784800
2013-04-16,7.9100,7.9900,7.8800,7.9700,16890900
2013-04-15,8.1100,8.1200,7.8000,7.8000,14878900
2013-04-12,8.1500,8.2400,8.0700,8.1100,9023200
2013-04-11,8.2400,8.2450,8.1100,8.2200,7872600
2013-04-10,8.1200,8.2500,8.0900,8.2300,11696600
2013-04-09,8.0700,8.1200,7.9600,8.0800,15188100
2013-04-08,7.9600,8.0400,7.8400,8.0400,10312400
2013-04-05,7.8100,8.0200,7.7610,7.9900,14532400
2013-04-04,7.8700,7.9900,7.8600,7.9700,8922800
2013-04-03,8.0100,8.0400,7.8100,7.8700,15034200
2013-04-02,8.0300,8.0850,7.9700,8.0400,20246800
2013-04-01,8.1900,8.2200,7.9700,8.0200,9929800
2013-03-28,8.2000,8.2400,8.1100,8.1900,7841100
2013-03-27,8.2400,8.2400,8.1200,8.2200,11296300
2013-03-26,8.3200,8.3500,8.2200,8.3000,13455100
2013-03-25,8.2900,8.3100,8.1700,8.2800,9926500
2013-03-22,8.2600,8.2700,8.1700,8.2100,17160700
2013-03-21,8.3600,8.3900,8.2100,8.2200,10010700
2013-03-20,8.3700,8.4400,8.3200,8.4000,13419700
2013-03-19,8.3100,8.3400,8.2200,8.2900,15083100
2013-03-18,8.2700,8.3400,8.2100,8.2700,10948100
2013-03-15,8.3300,8.4200,8.2900,8.3600,28238200
2013-03-14,8.2900,8.3400,8.1600,8.3100,22810100
2013-03-13,8.1400,8.2700,8.0500,8.2500,15792200
2013-03-12,8.2800,8.3300,8.1200,8.1300,16614700
2013-03-11,8.1500,8.3450,8.1400,8.3100,12761300
2013-03-08,8.3100,8.3600,8.0500,8.1500,23946100
2013-03-07,8.0700,8.2400,8.0495,8.2200,14117700
2013-03-06,7.9800,8.2000,7.9700,8.0400,28197600
2013-03-05,7.9200,8.0000,7.8800,7.9200,17692800
2013-03-04,7.6700,7.8800,7.6500,7.8500,18824200
2013-03-01,7.6000,7.7200,7.5500,7.7100,17651400
2013-02-28,7.6400,7.7200,7.5600,7.6500,11554400
2013-02-27,7.4950,7.6600,7.4700,7.6200,11430600
2013-02-26,7.5300,7.5700,7.4200,7.5000,15518100
2013-02-25,7.8300,7.8550,7.4800,7.4800,18348500
2013-02-22,7.6600,7.7800,7.6300,7.7700,15388000
2013-02-21,7.6800,7.7500,7.5400,7.5900,23973600
2013-02-20,7.9200,7.9400,7.7000,7.7100,14877000
2013-02-19,7.8600,7.9700,7.8500,7.9600,12233800
2013-02-15,7.9200,7.9500,7.8200,7.8500,10253700
2013-02-14,7.8200,7.9100,7.8100,7.9100,12751900
2013-02-13,7.9600,7.9700,7.8400,7.8500,18352200
2013-02-12,7.9600,7.9700,7.8700,7.9300,11306400
2013-02-11,7.9500,7.9700,7.8700,7.9400,17158600
2013-02-08,7.9600,7.9600,7.9000,7.9300,8908400
2013-02-07,7.9600,8.0000,7.8700,7.9600,13759800
2013-02-06,7.9000,7.9900,7.8600,7.9400,16963200
2013-02-05,7.8700,7.9700,7.8100,7.9300,15305000
2013-02-04,7.8200,7.8700,7.7500,7.8100,10836800
2013-02-01,7.8400,7.9600,7.8000,7.8800,17800100
2013-01-31,7.6100,7.8100,7.5600,7.7800,26415700
2013-01-30,7.7100,7.8800,7.6500,7.8100,23375700
2013-01-29,7.6800,7.7450,7.6700,7.7100,19986400
2013-01-28,7.6700,7.7500,7.5900,7.7100,11641200
2013-01-25,7.7300,7.7700,7.6300,7.6900,12567700
2013-01-24,7.6600,7.7300,7.6300,7.6700,12471000
2013-01-23,7.7500,7.8500,7.6400,7.6600,22621500
2013-01-22,7.4700,7.8100,7.4500,7.7600,37498500
2013-01-18,7.4700,7.5700,7.3500,7.4300,18960500
2013-01-17,7.4100,7.5500,7.3500,7.4500,20294300
2013-01-16,7.3300,7.4500,7.3000,7.3800,21398100
2013-01-15,7.1500,7.3200,7.1300,7.2900,19088600
2013-01-14,7.2400,7.2800,7.1550,7.1900,13721500
2013-01-11,7.3600,7.3600,7.1500,7.2400,18322100
2013-01-10,7.3300,7.3850,7.2400,7.3500,17753800
2013-01-09,7.4200,7.4550,7.2700,7.3000,15827800
2013-01-08,7.4400,7.4800,7.2800,7.4000,14243500
2013-01-07,7.5900,7.5900,7.4100,7.4600,13545500
2013-01-04,7.3700,7.5900,7.3700,7.5900,22613400
2013-01-03,7.3000,7.3700,7.2000,7.3300,22191900
2013-01-02,7.3200,7.3700,7.1650,7.3100,17693800
2012-12-31,6.8900,7.1400,6.8800,7.1300,13624400
2012-12-28,6.9300,7.0050,6.9200,6.9300,7146900
2012-12-27,7.0300,7.0700,6.9000,6.9900,10721100
2012-12-26,7.0100,7.0800,6.9900,7.0200,7859900
2012-12-24,7.0300,7.0900,6.9400,6.9900,8580900
2012-12-21,7.1000,7.1800,7.0200,7.1100,27942100
2012-12-20,7.0500,7.1900,7.0400,7.1800,13758300
2012-12-19,7.1900,7.1900,7.0300,7.0500,25171800
2012-12-18,7.0100,7.0900,6.9300,7.0500,26744500
2012-12-17,6.7600,6.9200,6.7200,6.9100,12274700
2012-12-14,6.7300,6.7550,6.6950,6.7000,8104500
2012-12-13,6.7600,6.8000,6.6800,6.7300,11013200
2012-12-12,6.8000,6.8950,6.7400,6.7800,17598900
2012-12-11,6.7500,6.8200,6.7100,6.7600,10245600
2012-12-10,6.6200,6.7757,6.5800,6.7100,11709500
2012-12-07,6.5400,6.6500,6.5400,6.6400,9829800
2012-12-06,6.6400,6.6500,6.4800,6.5400,10795600
2012-12-05,6.4800,6.6000,6.4100,6.5700,23887200
2012-12-04,6.5600,6.5800,6.4000,6.4500,19936000
2012-12-03,6.6900,6.7300,6.5600,6.5800,11320800
2012-11-30,6.6800,6.7200,6.6000,6.6700,14760800
2012-11-29,6.6500,6.7200,6.6300,6.6700,13022900
2012-11-28,6.5500,6.6400,6.4900,6.6200,11786100
2012-11-27,6.6800,6.7262,6.5900,6.5900,16357400
2012-11-26,6.6800,6.6800,6.5500,6.6500,12192200
2012-11-23,6.6100,6.6900,6.5600,6.6900,4336100
2012-11-21,6.6200,6.6300,6.4900,6.5800,7115800
2012-11-20,6.4800,6.6270,6.4100,6.6100,19592600
2012-11-19,6.4300,6.5200,6.3950,6.4700,13808300
2012-11-16,6.3800,6.4200,6.1850,6.3200,26944600
2012-11-15,6.2300,6.4100,6.1900,6.3000,25281900
2012-11-14,6.4800,6.5150,6.2400,6.2500,23220300
2012-11-13,6.4800,6.6100,6.4400,6.4500,18309400
2012-11-12,6.4900,6.5900,6.4100,6.5300,15816400
2012-11-09,6.3600,6.5500,6.3500,6.4500,14840500
2012-11-08,6.5500,6.6600,6.3800,6.3800,27716700
2012-11-07,6.6700,6.7000,6.5200,6.5300,26524100
2012-11-06,6.6000,6.8200,6.5900,6.8000,19538800
2012-11-05,6.5900,6.6300,6.5300,6.5800,17183800
2012-11-02,6.7500,6.7800,6.6200,6.6600,24937700
2012-11-01,6.5400,6.6800,6.4400,6.6800,23302400
2012-10-31,6.6400,6.6500,6.3600,6.5200,25591900
2012-10-26,6.6000,6.6200,6.4500,6.5800,26657000
2012-10-25,6.5100,6.6100,6.4100,6.6100,26533000
2012-10-24,6.5900,6.6300,6.3800,6.4600,30320300
2012-10-23,6.5700,6.7000,6.4400,6.5400,78830800
2012-10-22,7.0800,7.2050,6.9800,7.0800,29660100
2012-10-19,7.2000,7.2200,7.0100,7.1300,19641500
2012-10-18,7.2200,7.3500,7.1500,7.2150,21805800
2012-10-17,7.1400,7.2800,7.0800,7.1800,24020200
2012-10-16,7.4100,7.4500,7.0450,7.1100,29515100
2012-10-15,7.3300,7.4000,7.1900,7.3900,20387000
2012-10-12,7.4600,7.5250,7.2500,7.2800,22036700
2012-10-11,7.6600,7.6900,7.6000,7.6200,12061600
2012-10-10,7.4200,7.6000,7.4200,7.5500,15323100
2012-10-09,7.5100,7.5500,7.4100,7.4300,12167700
2012-10-08,7.5100,7.6000,7.4700,7.5000,9858800
2012-10-05,7.6000,7.7200,7.5100,7.5700,17987200
2012-10-04,7.3500,7.6300,7.3350,7.5050,44795100
2012-10-03,7.2000,7.4200,7.1500,7.3200,16736500
2012-10-02,7.1900,7.2000,7.1000,7.1700,12283200
2012-10-01,7.2500,7.3100,7.1150,7.1300,11909800
2012-09-28,7.2100,7.2800,7.1700,7.1950,10087700
2012-09-27,7.2400,7.3150,7.1600,7.2800,16239800
2012-09-26,7.1700,7.2450,7.0800,7.1500,16307300
2012-09-25,7.4500,7.4900,7.2000,7.2100,16901000
2012-09-24,7.4500,7.5300,7.4100,7.4400,12356700
2012-09-21,7.7300,7.7300,7.5000,7.5200,18249300
2012-09-20,7.5700,7.6000,7.3700,7.5800,25494200
2012-09-19,7.3000,7.7000,7.2900,7.6500,43641900
2012-09-18,7.3900,7.4100,7.2500,7.2800,17647700
2012-09-17,7.6000,7.6100,7.3800,7.3900,16627700
2012-09-14,7.6600,7.7300,7.5800,7.6200,28851200
2012-09-13,7.3000,7.6300,7.2300,7.5900,31098100
2012-09-12,7.3800,7.4100,7.2700,7.2900,19857900
2012-09-11,7.4300,7.4800,7.2700,7.3300,19691000
2012-09-10,7.5000,7.5800,7.4100,7.4200,17988100
2012-09-07,7.2600,7.4000,7.2250,7.3700,14310200
2012-09-06,7.0400,7.2200,7.0300,7.2200,19027800
2012-09-05,7.0000,7.0200,6.9600,6.9900,7440500
2012-09-04,6.9700,7.0200,6.9000,7.0100,10960700
2012-08-31,7.0800,7.0900,6.9500,6.9600,13472100
2012-08-30,7.0100,7.0500,6.9600,7.0300,9792900
2012-08-29,7.1100,7.1500,7.0300,7.0500,7254400
2012-08-28,7.0800,7.1500,7.0400,7.1100,8419900
2012-08-27,7.2100,7.2400,7.0600,7.1000,8758300
2012-08-24,6.9700,7.2000,6.9600,7.1800,11452000
2012-08-23,7.0900,7.1200,6.9800,7.0100,9530500
2012-08-22,7.0000,7.1200,6.9600,7.0900,11480800
2012-08-21,7.1400,7.2000,7.0100,7.0300,10697900
2012-08-20,7.1400,7.1950,7.1000,7.1300,7563500
2012-08-17,7.1700,7.1700,7.1100,7.1600,9880200
2012-08-16,7.0600,7.1700,6.9800,7.1400,14300200
2012-08-15,7.0400,7.0800,6.9900,7.0500,9341800
2012-08-14,7.0300,7.1300,6.9800,7.0500,19726600
2012-08-13,6.9600,7.0000,6.8600,6.9900,14514300
2012-08-10,6.9100,7.0000,6.8900,7.0000,9166000
2012-08-09,6.8900,6.9700,6.8700,6.9700,15703400
2012-08-08,6.9200,7.0000,6.9000,6.9200,14447300
2012-08-07,7.0400,7.0900,6.9500,6.9600,16338400
2012-08-06,7.0400,7.0800,6.9900,7.0000,13054000
2012-08-03,6.8400,7.0050,6.8100,6.9300,19831800
2012-08-02,6.7800,6.8850,6.6800,6.7200,24547200
2012-08-01,7.0100,7.0400,6.8400,6.8600,17424300
2012-07-31,7.0100,7.0700,6.9600,6.9600,14849100
2012-07-30,7.0800,7.1400,7.0400,7.0500,14821100
2012-07-27,7.1300,7.1700,6.9700,7.1000,23248600
2012-07-26,6.9700,7.0900,6.9300,7.0700,25423800
2012-07-25,6.7200,6.9500,6.6650,6.9100,54846100
2012-07-24,6.7100,6.8000,6.5300,6.6500,55122200
2012-07-23,6.2800,6.4200,6.2201,6.3900,19290200
2012-07-20,6.5000,6.6700,6.3800,6.4100,24504700
2012-07-19,6.7600,6.7700,6.5800,6.6500,13646200
2012-07-18,6.7900,6.8300,6.6900,6.7200,14706800
2012-07-17,6.7200,6.8600,6.6500,6.8500,22593800
2012-07-16,6.6600,6.7100,6.6100,6.6600,8572300
2012-07-13,6.4900,6.7100,6.4650,6.7000,10887200
2012-07-12,6.4800,6.5300,6.4100,6.4700,17688100
2012-07-11,6.4200,6.6000,6.4000,6.5600,17732200
2012-07-10,6.6800,6.6800,6.3500,6.4300,19003300
2012-07-09,6.6700,6.7000,6.4900,6.6300,17789100
2012-07-06,6.6600,6.7300,6.6000,6.6800,12283000
2012-07-05,6.8300,6.8700,6.7300,6.7400,12849100
2012-07-03,6.8500,6.9200,6.8100,6.8600,7056400
2012-07-02,6.8200,6.8500,6.6700,6.8500,16385300
2012-06-29,6.7400,6.7500,6.6500,6.7500,13872500
2012-06-28,6.3100,6.5900,6.2500,6.5400,26919600
2012-06-27,6.4000,6.4300,6.2700,6.4100,38252700
2012-06-26,6.4600,6.5050,6.2600,6.3600,30158900
2012-06-25,6.5500,6.5500,6.3800,6.4000,12591700
2012-06-22,6.5600,6.7300,6.5300,6.6700,11907500
2012-06-21,6.7500,6.7800,6.4900,6.5100,17156500
2012-06-20,6.7500,6.7800,6.6000,6.7400,16161200
2012-06-19,6.6400,6.8000,6.6100,6.7300,20341200
2012-06-18,6.4900,6.6500,6.4000,6.6300,29114800
2012-06-15,6.3900,6.4500,6.2900,6.4500,19923300
2012-06-14,6.3100,6.3700,6.2300,6.3300,20100500
2012-06-13,6.1400,6.2900,6.0900,6.1900,16707100
2012-06-12,6.0100,6.2000,5.9250,6.1900,14956900
2012-06-11,6.2700,6.2900,6.0000,6.0000,16793300
2012-06-08,6.0200,6.1800,5.9200,6.1500,22293400
2012-06-07,6.1200,6.2200,5.9600,6.0900,23843500
2012-06-06,5.7200,5.9800,5.6700,5.9500,21829000
2012-06-05,5.5300,5.6900,5.5200,5.6500,19725900
2012-06-04,5.7100,5.8400,5.4600,5.5500,40786500
2012-06-01,6.1000,6.1150,5.8400,5.8800,27797500
2012-05-31,6.2000,6.3200,6.0800,6.2900,16986000
2012-05-30,6.3600,6.3700,6.1700,6.2000,14664800
2012-05-29,6.4100,6.4500,6.3000,6.4500,15164100
2012-05-25,6.3400,6.4500,6.3100,6.3200,9416400
2012-05-24,6.3600,6.4300,6.2620,6.3300,22893100
2012-05-23,6.2300,6.3600,6.1000,6.3100,21528000
2012-05-22,6.2200,6.4000,6.2000,6.2900,22049500
2012-05-21,6.1500,6.3000,6.1400,6.2000,20118400
2012-05-18,6.2300,6.2600,6.0800,6.1300,16579200
2012-05-17,6.2600,6.4100,6.1800,6.1900,22373800
2012-05-16,6.3900,6.4800,6.2200,6.2700,19353100
2012-05-15,6.4700,6.5400,6.2700,6.3300,35380700
2012-05-14,6.5300,6.6100,6.4500,6.4600,21945200
2012-05-11,6.5500,6.7100,6.5000,6.6600,13481100
2012-05-10,6.7100,6.7600,6.6000,6.6700,21164700
2012-05-09,6.5800,6.6500,6.4500,6.5600,33502000
2012-05-08,6.6600,6.7400,6.5800,6.7000,22575900
2012-05-07,6.6600,6.8400,6.6600,6.7100,24332500
2012-05-04,6.9000,6.9600,6.7000,6.7000,32698900
2012-05-03,6.8200,6.9800,6.7500,6.9800,34477100
2012-05-02,6.7700,6.8800,6.7000,6.8100,14286100
2012-05-01,6.7700,6.9400,6.7300,6.8400,18861000
2012-04-30,6.8600,6.8700,6.7000,6.7400,20117200
2012-04-27,6.7900,6.9200,6.6700,6.8800,22356400
2012-04-26,6.6000,6.7700,6.5600,6.7500,21268800
2012-04-25,6.6100,6.7000,6.4700,6.6500,37160700
2012-04-24,6.1700,6.5000,6.1200,6.4500,51517300
2012-04-23,5.9400,6.1400,5.9100,6.0900,21115400
2012-04-20,6.1700,6.2000,5.9800,6.0700,23152700
2012-04-19,6.2800,6.2800,6.0500,6.1200,17409900
2012-04-18,6.2400,6.3000,6.1700,6.2100,15807400
2012-04-17,6.2900,6.4000,6.2600,6.2900,19852300
2012-04-16,6.1900,6.2700,6.0200,6.2100,24395300
2012-04-13,6.2700,6.2800,6.0200,6.1100,28571400
2012-04-12,6.1900,6.3100,6.1600,6.3000,12921900
2012-04-11,6.1700,6.2400,6.1300,6.1900,22752400
2012-04-10,6.2000,6.2600,5.9800,6.0800,27960000
2012-04-09,6.3100,6.3300,6.1500,6.2200,18491500
2012-04-05,6.4400,6.5100,6.3200,6.4300,27900000
2012-04-04,6.5400,6.6050,6.4200,6.4700,29464300
2012-04-03,6.5800,6.6500,6.4900,6.6500,28854500
2012-04-02,6.5600,6.6300,6.4900,6.5800,14670100
2012-03-30,6.5800,6.5900,6.4200,6.5900,24444800
2012-03-29,6.4800,6.5300,6.3700,6.5200,16993600
2012-03-28,6.5900,6.6300,6.4500,6.5500,19884700
2012-03-27,6.6600,6.6900,6.5600,6.5800,23439400
2012-03-26,6.5800,6.6100,6.4700,6.6100,19665500
2012-03-23,6.3700,6.4500,6.2700,6.4300,27746500
2012-03-22,6.4900,6.5390,6.3750,6.4400,21917200
2012-03-21,6.5700,6.6300,6.5000,6.5900,61527300
2012-03-20,6.2700,6.4800,6.2700,6.4600,48395500
2012-03-19,6.3900,6.5200,6.3400,6.3500,48507500
2012-03-16,6.5800,6.6900,6.4000,6.4100,54444600
2012-03-15,6.2500,6.5800,6.1400,6.4400,63855600
2012-03-14,6.0600,6.2400,5.9850,6.1700,155278200
2012-03-13,5.6900,5.8200,5.6150,5.7800,36250700
2012-03-12,5.7700,5.7700,5.6100,5.6300,20877500
2012-03-09,5.8000,5.8600,5.7500,5.8000,16154800
2012-03-08,5.9000,5.9200,5.7300,5.7900,20082600
2012-03-07,5.7900,5.8750,5.7515,5.8300,19252400
2012-03-06,5.8200,5.8500,5.6800,5.7500,19287600
2012-03-05,5.9500,5.9700,5.8600,5.9300,15356100
2012-03-02,5.9200,6.0000,5.8100,5.9600,22915200
2012-03-01,5.8200,5.9100,5.7700,5.8500,13853400
2012-02-29,5.8600,5.9200,5.7400,5.7600,19058100
2012-02-28,5.8600,5.9250,5.7700,5.8300,17490800
2012-02-27,5.7800,5.8500,5.6600,5.8300,18419100
2012-02-24,5.9300,5.9400,5.7300,5.8000,9875200
2012-02-23,5.7900,6.0300,5.6200,5.9100,27750600
2012-02-22,5.9300,5.9450,5.7300,5.8000,18396100
2012-02-21,6.0200,6.0800,5.8800,5.9800,17806176
2012-02-17,5.9800,6.0500,5.9300,6.0000,17081372
2012-02-16,5.7800,5.9100,5.7100,5.9100,20137500
2012-02-15,5.7000,5.8500,5.6680,5.7800,29291400
2012-02-14,5.7200,5.7400,5.5900,5.6500,14735300
2012-02-13,5.7600,5.8000,5.7000,5.7500,23185800
2012-02-10,5.6100,5.7300,5.5700,5.6700,20558100
2012-02-09,5.5700,5.7000,5.5400,5.6800,17024600
2012-02-08,5.5900,5.6300,5.5000,5.5200,15727000
2012-02-07,5.5600,5.6200,5.5100,5.5900,10433400
2012-02-06,5.6000,5.6300,5.5200,5.5900,13781200
2012-02-03,5.5500,5.6800,5.5100,5.6400,23756800
2012-02-02,5.2700,5.4600,5.2300,5.4400,19688400
2012-02-01,5.3200,5.3700,5.2300,5.3200,16561000
2012-01-31,5.2200,5.2500,5.1200,5.2200,19252800
2012-01-30,5.2300,5.2400,5.1200,5.1700,12166300
2012-01-27,5.1300,5.3200,5.1200,5.3100,18874500
2012-01-26,5.3900,5.4200,5.0800,5.1700,22767900
2012-01-25,5.2100,5.4600,5.1000,5.3200,27643900
2012-01-24,4.9100,5.2400,4.8000,5.2300,43505100
2012-01-23,4.9000,4.9900,4.8500,4.9200,27691600
2012-01-20,4.9100,4.9325,4.7900,4.9100,21891000
2012-01-19,4.9600,4.9900,4.8900,4.9400,18676200
2012-01-18,4.8000,4.9400,4.7500,4.9100,15687500
2012-01-17,4.7800,4.8950,4.7500,4.8000,17048500
2012-01-13,4.5800,4.8700,4.5300,4.7900,25850900
2012-01-12,4.7300,4.7800,4.6100,4.6900,42072700
2012-01-11,4.6600,4.8400,4.6000,4.8000,18766800
2012-01-10,4.6800,4.7300,4.5500,4.7000,19395200
2012-01-09,4.4800,4.6900,4.4699,4.5300,25590700
2012-01-06,4.5300,4.5600,4.3700,4.4100,18310300
2012-01-05,4.2900,4.5950,4.2410,4.5200,31886900
2012-01-04,4.3400,4.3400,4.2100,4.3400,16914500
2012-01-03,4.3900,4.4600,4.3200,4.3500,14255500
2011-12-30,4.3300,4.3400,4.2800,4.3000,6497900
2011-12-29,4.2400,4.3600,4.2200,4.3600,10940300
2011-12-28,4.3600,4.3800,4.1700,4.2400,8561900
2011-12-27,4.3600,4.4000,4.3100,4.3600,7154100
2011-12-23,4.4500,4.4500,4.3200,4.3950,6548000
2011-12-22,4.2400,4.4500,4.2300,4.4000,14638200
2011-12-21,4.1000,4.2400,4.0200,4.2200,15449400
2011-12-20,3.9000,4.1200,3.9000,4.1000,16312600
2011-12-19,3.9800,3.9999,3.7900,3.8200,14526300
2011-12-16,4.0000,4.0800,3.9600,3.9900,15493000
2011-12-15,4.0400,4.0700,3.9500,3.9700,13066000
2011-12-14,3.9600,4.0500,3.9200,3.9800,17650600
2011-12-13,4.0400,4.1900,3.9500,4.0300,21571400
2011-12-12,4.0100,4.0600,3.9500,4.0000,16921800
2011-12-09,4.0400,4.1200,4.0200,4.1200,19569700
2011-12-08,4.1100,4.1300,3.8600,4.0000,25080600
2011-12-07,4.1300,4.1900,4.0100,4.1500,21198200
2011-12-06,4.2700,4.2800,4.1300,4.1600,27504300
2011-12-05,4.3200,4.4200,4.2500,4.3100,27032500
2011-12-02,4.2100,4.3900,4.1400,4.2200,27107900
2011-12-01,4.0300,4.1400,3.9300,4.1200,20822500
2011-11-30,3.7800,4.1100,3.7500,4.1100,37510200
2011-11-29,3.7500,3.7600,3.5100,3.5900,37564200
2011-11-28,3.8900,3.9200,3.7000,3.7800,16663600
2011-11-25,3.6600,3.8100,3.6100,3.6900,8919500
2011-11-23,3.8200,3.8550,3.6500,3.6800,18056600
2011-11-22,3.9400,4.0650,3.8600,3.9000,17226100
2011-11-21,4.0000,4.0500,3.9400,3.9700,20504900
2011-11-18,4.0100,4.1200,3.9550,4.1000,30265400
2011-11-17,4.0400,4.1800,3.9000,3.9400,28078600
2011-11-16,3.9800,4.2000,3.9600,4.0400,27342800
2011-11-15,3.9700,4.0700,3.9600,4.0400,35654000
2011-11-14,4.1500,4.1700,4.0000,4.0200,25422200
2011-11-11,4.3000,4.3100,4.1000,4.1700,27932300
2011-11-10,4.2000,4.2500,4.0500,4.1400,37694100
2011-11-09,4.1800,4.2800,4.0500,4.0800,40666800
2011-11-08,4.2300,4.4600,4.1800,4.3800,49531700
2011-11-07,4.0100,4.1700,3.9700,4.1600,25109700
2011-11-04,3.9600,4.0700,3.8900,4.0200,26084800
2011-11-03,4.0000,4.0800,3.7750,3.9900,46191100
2011-11-02,3.8200,3.9100,3.7650,3.8800,23103800
2011-11-01,3.7100,3.8500,3.5700,3.7000,31261000
2011-10-31,4.1700,4.1900,3.9300,3.9300,20626600
2011-10-28,4.2000,4.3100,4.1200,4.2700,27292500
2011-10-27,4.0600,4.2700,3.9700,4.1400,40336600
2011-10-26,3.8000,3.8800,3.6500,3.8400,26394900
2011-10-25,3.8300,3.9400,3.5800,3.7100,51002600
2011-10-24,3.8000,3.9700,3.7500,3.9000,26302200
2011-10-21,3.7700,3.8100,3.6510,3.7800,26251900
2011-10-20,3.7000,3.7400,3.5500,3.6900,22304300
2011-10-19,3.8200,3.9500,3.6500,3.7200,25055100
2011-10-18,3.5200,3.9000,3.4500,3.8300,28474000
2011-10-17,3.6300,3.6400,3.4300,3.4600,18460400
2011-10-14,3.7700,3.8100,3.5600,3.7000,22807000
2011-10-13,3.7700,3.7800,3.5400,3.6800,17848100
2011-10-12,3.6600,3.9400,3.6400,3.8200,31929500
2011-10-11,3.5100,3.6700,3.4900,3.6300,35357000
2011-10-10,3.4900,3.6200,3.4200,3.6000,30720300
2011-10-07,3.6800,3.6900,3.3500,3.4000,26245300
2011-10-06,3.3100,3.7000,3.2100,3.6600,36457600
2011-10-05,3.1400,3.3500,3.0400,3.3300,31151800
2011-10-04,2.9800,3.2000,2.8200,3.1900,48196900
2011-10-03,3.3200,3.3300,3.0200,3.0200,39222500
2011-09-30,3.4700,3.5000,3.3300,3.3300,19438600
2011-09-29,3.5500,3.6200,3.4100,3.5500,22082800
2011-09-28,3.6100,3.6350,3.4200,3.4300,30331300
2011-09-27,3.7000,3.7600,3.5800,3.6100,26274500
2011-09-26,3.5200,3.6200,3.3900,3.6000,22504500
2011-09-23,3.4000,3.5800,3.3500,3.4300,31923100
2011-09-22,3.4800,3.5500,3.3600,3.4200,27411800
2011-09-21,3.8100,3.8200,3.6100,3.6200,25442400
2011-09-20,3.8500,3.8800,3.7600,3.7800,22750300
2011-09-19,3.9200,3.9450,3.7500,3.8100,23983100
2011-09-16,3.9700,4.0100,3.8500,4.0000,29350600
2011-09-15,3.8900,3.9300,3.8500,3.9300,32222900
2011-09-14,3.9700,3.9700,3.7200,3.8300,43244000
2011-09-13,4.0000,4.0600,3.8600,3.9000,32058400
2011-09-12,4.0400,4.1000,3.8900,3.9900,28120900
2011-09-09,4.1300,4.1900,3.9200,3.9700,25915300
2011-09-08,4.3000,4.4100,4.1500,4.1800,23556000
2011-09-07,4.0500,4.3900,4.0400,4.3700,30761000
2011-09-06,3.9500,4.0500,3.8200,3.8900,24733200
2011-09-02,4.1400,4.2500,4.0600,4.1300,16496200
2011-09-01,4.5300,4.6400,4.3100,4.3100,13475600
2011-08-31,4.5500,4.6300,4.4400,4.5400,14342000
2011-08-30,4.3800,4.5500,4.3000,4.4800,21047900
2011-08-29,4.2200,4.4500,4.2000,4.4500,14104600
2011-08-26,4.0400,4.1800,3.9100,4.1200,21710500
2011-08-25,4.3500,4.5000,4.0200,4.0500,28893400
2011-08-24,4.0200,4.2100,4.0100,4.1600,21787600
2011-08-23,3.9500,4.0300,3.8400,4.0300,18383000
2011-08-22,4.0400,4.0800,3.8800,3.8800,28057500
2011-08-19,4.0700,4.2500,3.8400,3.8600,30736700
2011-08-18,4.3500,4.3500,4.1400,4.1900,25175900
2011-08-17,4.4900,4.6792,4.4400,4.5400,20354800
2011-08-16,4.4800,4.5800,4.3600,4.3900,16753900
2011-08-15,4.3300,4.5500,4.3300,4.5500,18312300
2011-08-12,4.5700,4.6800,4.2600,4.3000,27470300
2011-08-11,4.4000,4.5500,4.2700,4.5000,22526600
2011-08-10,4.6200,4.6800,4.2100,4.2300,22353200
2011-08-09,4.5200,4.7900,4.3600,4.7800,28100600
2011-08-08,4.8700,5.0500,4.2500,4.4100,39322300
2011-08-05,5.4600,5.5100,5.0300,5.1000,51296600
2011-08-04,5.6500,5.7100,5.3400,5.3400,44492800
2011-08-03,5.7200,5.7900,5.4900,5.7700,52328200
2011-08-02,5.8900,5.9100,5.6400,5.7000,37248400
2011-08-01,6.1900,6.2400,5.8250,5.9100,38487900
2011-07-29,6.0900,6.2000,6.0300,6.0900,13362100
2011-07-28,6.1300,6.2500,6.1300,6.1700,10539900
2011-07-27,6.3500,6.4000,6.1200,6.1300,22731100
2011-07-26,6.3000,6.5300,6.2200,6.4200,29206400
2011-07-25,6.1200,6.2700,6.0700,6.2100,16714800
2011-07-22,6.2200,6.2300,6.1100,6.2000,9152100
2011-07-21,6.0600,6.2900,6.0600,6.2300,22338700
2011-07-20,5.9200,6.0900,5.8700,6.0100,14464700
2011-07-19,5.8400,5.9200,5.7400,5.9000,13969300
2011-07-18,5.9300,6.0000,5.7100,5.8400,19009100
2011-07-15,5.9400,6.0150,5.9000,5.9900,14526700
2011-07-14,6.0100,6.0200,5.8600,5.8900,15267600
2011-07-13,6.0300,6.0900,5.9200,5.9500,14748600
2011-07-12,5.8700,6.1100,5.8600,6.0000,17227700
2011-07-11,6.0300,6.0800,5.8700,5.9000,11877300
2011-07-08,6.0700,6.2100,6.0200,6.1500,16166300
2011-07-07,6.1100,6.2000,6.0700,6.1700,16550600
2011-07-06,6.1100,6.1300,5.9600,6.0200,21705500
2011-07-05,6.2400,6.2700,6.0800,6.1700,12274600
2011-07-01,6.1700,6.3900,6.1500,6.3000,12580000
2011-06-30,6.1400,6.2400,6.1000,6.2000,11250200
2011-06-29,5.9900,6.1700,5.9800,6.1400,19652200
2011-06-28,5.9700,6.0000,5.8600,5.9400,14624600
2011-06-27,5.9900,6.0500,5.8700,5.9400,24294800
2011-06-24,6.1700,6.1900,5.9200,5.9400,19594800
2011-06-23,6.1000,6.1800,6.0400,6.1700,20292000
2011-06-22,6.2600,6.4600,6.2000,6.2100,28014000
2011-06-21,6.2400,6.3100,6.1700,6.3000,10575500
2011-06-20,6.2200,6.2700,6.0800,6.1900,15836300
2011-06-17,6.2300,6.4400,6.2000,6.2700,37657500
2011-06-16,6.0800,6.1800,6.0600,6.1600,19423600
2011-06-15,6.1600,6.2000,6.0300,6.1500,26063000
2011-06-14,6.1300,6.3400,6.0500,6.2600,25911900
2011-06-13,6.0200,6.1100,5.9400,6.0500,37826200
2011-06-10,6.0900,6.1800,5.9300,6.1400,21214400
2011-06-09,6.1500,6.1950,6.0750,6.1200,28643300
2011-06-08,6.0100,6.2400,6.0100,6.1300,20512300
2011-06-07,6.1100,6.2200,6.0600,6.0700,16943100
2011-06-06,6.3500,6.3500,5.9200,6.0500,35134200
2011-06-03,6.4200,6.5500,6.3500,6.3600,15828000
2011-06-02,6.5400,6.6400,6.4600,6.5400,14516800
2011-06-01,7.0100,7.0200,6.5000,6.5400,27865000
2011-05-31,7.1000,7.1200,6.9900,7.0600,10998500
2011-05-27,6.9700,7.0500,6.9300,6.9800,8359000
2011-05-26,6.7800,6.9600,6.7800,6.9400,9183100
2011-05-25,6.7800,6.8700,6.7400,6.8000,8485400
2011-05-24,6.8400,6.8600,6.7300,6.7700,15347400
2011-05-23,6.9100,6.9580,6.7900,6.8300,13387700
2011-05-20,7.0500,7.1300,6.9200,6.9500,18277100
2011-05-19,7.1500,7.1700,7.0800,7.1000,12779500
2011-05-18,7.2400,7.2500,7.1000,7.1300,3101805
2011-05-17,7.1200,7.2500,7.0900,7.2500,2297296
2011-05-16,7.0300,7.2600,7.0200,7.1300,12319600
2011-05-13,7.1600,7.1700,7.0400,7.0500,12441000
2011-05-12,7.1400,7.2100,7.0100,7.1700,14324900
2011-05-11,7.1200,7.2000,7.0900,7.1300,9886100
2011-05-10,7.1800,7.2400,7.1300,7.1300,12781800
2011-05-09,7.0800,7.1800,7.0800,7.1200,8403000
2011-05-06,7.1900,7.1900,7.0500,7.0900,22796500
2011-05-05,7.3100,7.3300,7.1100,7.1100,16146600
2011-05-04,7.3500,7.3900,7.2700,7.3700,10775800
2011-05-03,7.3100,7.3700,7.2500,7.3700,9194200
2011-05-02,7.3700,7.4050,7.3000,7.3500,6610200
2011-04-29,7.4500,7.4500,7.2900,7.3400,9251800
2011-04-28,7.3900,7.4500,7.3101,7.4400,9795800
2011-04-27,7.3600,7.4000,7.2500,7.3800,11759100
2011-04-26,7.2100,7.3700,7.1500,7.3400,12900000
2011-04-25,7.1200,7.2000,7.1100,7.1500,7269400
2011-04-21,7.1000,7.1850,6.9900,7.1700,10980500
2011-04-20,7.2600,7.2900,7.0400,7.0600,13776900
2011-04-19,7.1700,7.2400,6.8300,7.1700,37997800
2011-04-18,7.0400,7.1100,6.9700,6.9800,18570600
2011-04-15,7.3000,7.3000,7.1200,7.1700,12432300
2011-04-14,7.2200,7.2500,7.0900,7.2400,11618400
2011-04-13,7.3400,7.3500,7.1400,7.2100,12864300
2011-04-12,7.2300,7.3200,7.2000,7.2700,8016900
2011-04-11,7.2700,7.3200,7.2400,7.2600,5224300
2011-04-08,7.3700,7.3800,7.2300,7.2700,8317900
2011-04-07,7.4250,7.4400,7.2900,7.3300,8257400
2011-04-06,7.2200,7.4500,7.2100,7.4200,15023300
2011-04-05,7.2500,7.3200,7.1900,7.1900,9807500
2011-04-04,7.3100,7.4100,7.2500,7.3000,8935100
2011-04-01,7.3300,7.4500,7.2500,7.2900,13157800
2011-03-31,7.2000,7.2900,7.1600,7.2600,8638800
2011-03-30,7.1800,7.2500,7.1000,7.2300,14274400
2011-03-29,7.1200,7.1900,7.1100,7.1500,4989800
2011-03-28,7.1800,7.2100,7.1200,7.1400,6201300
2011-03-25,7.1200,7.1900,7.1000,7.1800,7712600
2011-03-24,7.2100,7.2100,7.0800,7.1300,8867100
2011-03-23,7.2500,7.2800,7.0800,7.1700,12838400
2011-03-22,7.2100,7.3200,7.2000,7.3000,14467600
2011-03-21,7.2300,7.2900,7.1500,7.2500,13042400
2011-03-18,7.4800,7.4997,7.0600,7.1000,43529600
2011-03-17,7.3300,7.3700,7.2200,7.3500,12127800
2011-03-16,7.3300,7.3800,7.1800,7.2000,13743000
2011-03-15,7.1500,7.3900,7.1500,7.3300,13461400
2011-03-14,7.3700,7.4300,7.2300,7.3800,12158800
2011-03-11,7.3000,7.5200,7.2800,7.4800,12273300
2011-03-10,7.5700,7.6200,7.3400,7.3400,15180700
2011-03-09,7.7500,7.8100,7.6100,7.7300,20795500
2011-03-08,7.4300,7.6900,7.4300,7.6400,10329300
2011-03-07,7.5000,7.5800,7.3500,7.4100,12924100
2011-03-04,7.6300,7.6400,7.3800,7.4800,12890500
2011-03-03,7.5300,7.7000,7.5300,7.6600,13455500
2011-03-02,7.4200,7.5600,7.4000,7.4700,10884000
2011-03-01,7.6100,7.6300,7.4200,7.4300,15105800
2011-02-28,7.6300,7.6400,7.5100,7.6400,9888000
2011-02-25,7.4600,7.6100,7.4600,7.5600,9274600
2011-02-24,7.3000,7.4400,7.2500,7.4100,12531500
2011-02-23,7.3800,7.5700,7.2300,7.3800,14627800
2011-02-22,7.6400,7.7025,7.3600,7.3800,17266200
2011-02-18,7.6700,7.8200,7.6500,7.7900,12778500
2011-02-17,7.7400,7.7700,7.6500,7.7000,11181900
2011-02-16,7.8000,7.9200,7.7500,7.7600,14388700
2011-02-15,7.9000,7.9600,7.8200,7.8400,9540100
2011-02-14,8.0000,8.0500,7.8200,7.9100,12170100
2011-02-11,7.6800,8.0900,7.6700,8.0200,19037600
2011-02-10,7.5300,7.7700,7.5200,7.7300,12961600
2011-02-09,7.7500,7.8400,7.5900,7.6100,15236300
2011-02-08,7.8200,7.8300,7.5100,7.8000,22539500
2011-02-07,7.9100,7.9900,7.7800,7.7900,17263800
2011-02-04,7.5200,8.0300,7.5000,7.8400,43875600
2011-02-03,7.2100,7.6300,7.2100,7.5300,41935200
2011-02-02,7.2800,7.3000,7.1600,7.2500,12138700
2011-02-01,7.1600,7.3500,7.1300,7.3200,25725200
2011-01-31,6.9500,7.1300,6.9200,7.1000,17078900
2011-01-28,7.1700,7.2101,6.8400,6.8800,27082300
2011-01-27,6.9700,7.1800,6.9500,7.1500,22602800
2011-01-26,6.9500,7.0300,6.7900,6.9700,30926300
2011-01-25,7.0900,7.2500,6.9700,7.0200,46595600
2011-01-24,7.4100,7.4300,7.2200,7.3000,15919100
2011-01-21,7.4100,7.4500,7.2700,7.4000,16576500
2011-01-20,7.0500,7.2550,6.9800,7.2300,21217300
2011-01-19,7.4800,7.5300,7.1200,7.1300,19513900
2011-01-18,7.4800,7.6200,7.3500,7.5500,22865800
2011-01-14,7.2100,7.5300,7.1897,7.4700,26048800
2011-01-13,7.2700,7.2880,7.1800,7.2400,15014400
2011-01-12,7.3000,7.3500,7.2000,7.2700,20313000
2011-01-11,7.1200,7.2500,7.0800,7.2200,16387800
2011-01-10,7.0200,7.0900,6.8910,7.0500,18965700
2011-01-07,7.1700,7.2200,6.9100,7.0200,25453800
2011-01-06,7.2100,7.4000,7.0800,7.1400,28247400
2011-01-05,6.9700,7.2100,6.9700,7.2100,15210700
2011-01-04,7.1200,7.1400,6.9300,7.0300,15605100
2011-01-03,7.1600,7.2300,7.0100,7.0700,19962600
2010-12-31,6.9000,7.0200,6.8700,7.0000,9530400
2010-12-30,6.8700,6.9500,6.8500,6.9200,10544900
2010-12-29,6.8000,6.8850,6.7675,6.8700,17977300
2010-12-28,6.7700,6.8200,6.7393,6.7900,8354300
2010-12-27,6.7300,6.8500,6.6500,6.7600,16492900
2010-12-23,6.8200,6.9205,6.7200,6.7500,13063000
2010-12-22,6.5000,6.9400,6.4700,6.9100,40880000
2010-12-21,6.3400,6.4650,6.3350,6.4500,15716900
2010-12-20,6.3100,6.3700,6.2800,6.3100,15469700
2010-12-17,6.2600,6.4150,6.2300,6.2400,39878000
2010-12-16,6.3100,6.3500,6.1300,6.1300,34668700
2010-12-15,6.5600,6.5600,6.1900,6.3100,96752400
2010-12-14,6.5000,6.5400,6.1900,6.2100,36139600
2010-12-13,6.4000,6.6200,6.2000,6.5500,47789900
2010-12-10,6.5100,6.5400,6.4100,6.4600,19232300
2010-12-09,6.4100,6.5500,6.2700,6.5000,36481200
2010-12-08,6.0400,6.4900,6.0300,6.3300,42035100
2010-12-07,6.2000,6.2200,5.9700,6.0100,18902400
2010-12-06,6.1000,6.1200,5.9100,6.0700,24239800
2010-12-03,5.9500,6.1000,5.9100,6.0800,20281800
2010-12-02,5.6700,6.0800,5.6400,6.0600,47685000
2010-12-01,5.4600,5.6800,5.4300,5.6700,28193000
2010-11-30,5.3000,5.4400,5.3000,5.3800,22928800
2010-11-29,5.2300,5.4200,5.2100,5.3700,25187500
2010-11-26,5.1800,5.3000,5.1800,5.2500,7149000
2010-11-24,5.2400,5.3800,5.1700,5.2400,22443600
2010-11-23,5.2200,5.5600,5.1700,5.2100,72941200
2010-11-22,5.4600,5.4900,5.2600,5.3500,30803400
2010-11-19,5.1700,5.5100,5.1200,5.5000,56849500
2010-11-18,5.6200,5.6600,5.1400,5.3100,124940100
2010-11-17,5.9100,5.9100,5.3700,5.5400,73884200
2010-11-16,6.0600,6.0600,5.5600,5.9200,79418100
2010-11-15,6.2600,6.3000,6.1800,6.2000,15669500
2010-11-12,6.3500,6.3750,6.1400,6.1500,20555200
2010-11-11,6.1900,6.5400,6.1800,6.4100,23826700
2010-11-10,6.2500,6.3300,6.1500,6.2500,21403000
2010-11-09,6.3600,6.4700,6.1700,6.2000,23531400
2010-11-08,6.4300,6.4400,6.2100,6.3400,22154300
2010-11-05,6.5300,6.7800,6.3600,6.4500,39522700
2010-11-04,6.3900,6.5900,6.3200,6.5400,24216400
2010-11-03,6.1300,6.3100,6.1300,6.3000,19403100
2010-11-02,6.3000,6.3000,6.0800,6.1200,19734100
2010-11-01,6.3500,6.3800,6.1600,6.2300,12189000
2010-10-29,6.2900,6.4000,6.2600,6.3000,19494000
2010-10-28,6.4400,6.4600,6.2100,6.2900,31014900
2010-10-27,6.4300,6.5600,6.3400,6.3700,19982900
2010-10-26,6.6500,6.7200,6.3900,6.4800,53827900
2010-10-25,7.2200,7.2300,7.0100,7.0300,14203800
2010-10-22,7.2800,7.3800,7.1000,7.1400,12958000
2010-10-21,7.3300,7.5300,7.2300,7.2800,14803400
2010-10-20,7.2900,7.3700,7.0600,7.2800,19653500
2010-10-19,7.1900,7.4600,7.1900,7.3400,17524800
2010-10-18,7.0300,7.3600,7.0000,7.3500,11702900
2010-10-15,7.2200,7.2600,6.9200,7.0600,14005700
2010-10-14,7.2600,7.2800,7.0000,7.1700,14106900
2010-10-13,7.5400,7.5700,7.2800,7.3000,12596700
2010-10-12,7.2600,7.4800,7.2200,7.4700,8845300
2010-10-11,7.4000,7.4700,7.3000,7.3200,5744000
2010-10-08,7.3800,7.4300,7.3000,7.4200,9048600
2010-10-07,7.5600,7.6000,7.3000,7.3600,12562500
2010-10-06,7.5499,7.6200,7.4600,7.5000,9105500
2010-10-05,7.3500,7.6200,7.2600,7.5400,18308000
2010-10-04,7.1700,7.3400,7.1150,7.2400,11761000
2010-10-01,7.3300,7.4300,7.1300,7.1800,12211600
2010-09-30,7.2900,7.5000,7.2100,7.2700,16714300
2010-09-29,7.0300,7.2900,6.9800,7.2100,28155000
2010-09-28,7.0400,7.1000,6.9100,7.1000,14300300
2010-09-27,7.0000,7.0900,6.9300,6.9700,10829200
2010-09-24,6.9200,7.0200,6.8600,6.9500,14530900
2010-09-23,6.8200,7.0600,6.7600,6.7600,13444600
2010-09-22,7.0500,7.1400,6.8800,6.9100,13547000
2010-09-21,7.0700,7.3200,7.0200,7.0900,19284000
2010-09-20,6.8700,7.0600,6.8100,7.0600,24188100
2010-09-17,6.9800,7.0000,6.8200,6.8310,25635200
2010-09-16,6.9200,7.0000,6.8900,6.9500,9689700
2010-09-15,7.0900,7.1200,6.9300,6.9900,16751600
2010-09-14,7.2400,7.2600,7.0700,7.1400,20255100
2010-09-13,7.0800,7.2900,7.0800,7.2800,13918500
2010-09-10,6.9300,6.9700,6.8500,6.8900,8154300
2010-09-09,7.0600,7.0900,6.7700,6.9100,13851400
2010-09-08,6.6400,6.9300,6.6000,6.8800,16209400
2010-09-07,6.7700,6.8000,6.5600,6.5700,12109400
2010-09-03,7.1200,7.1400,6.8100,6.8900,13639000
2010-09-02,6.8600,6.9300,6.8000,6.9300,8420200
2010-09-01,6.5500,6.8500,6.5000,6.8500,13605300
2010-08-31,6.3800,6.5600,6.3500,6.4300,14442000
2010-08-30,6.5800,6.6400,6.4000,6.4000,12162800
2010-08-27,6.4500,6.6000,6.3500,6.6000,13131000
2010-08-26,6.5100,6.6400,6.3000,6.3500,17536100
2010-08-25,6.4700,6.5500,6.2500,6.4800,20586000
2010-08-24,6.7300,6.7900,6.5300,6.5600,12927800
2010-08-23,6.9300,7.0900,6.8300,6.8400,13209400
2010-08-20,6.8800,6.9400,6.6900,6.8200,12275700
2010-08-19,7.1700,7.2700,6.9000,6.9400,15343400
2010-08-18,7.1400,7.3500,7.0500,7.2100,27061800
2010-08-17,7.2900,7.2900,7.0800,7.1500,12800200
2010-08-16,7.1500,7.1800,7.0400,7.1800,14887200
2010-08-13,7.1300,7.2700,7.1100,7.1500,12732300
2010-08-12,7.0200,7.1900,6.9300,7.1400,13204900
2010-08-11,7.5200,7.5500,7.1600,7.1700,17501300
2010-08-10,7.4700,7.7200,7.4400,7.6700,19654500
2010-08-09,7.4400,7.6200,7.3400,7.5900,16787900
2010-08-06,7.3900,7.4300,7.2000,7.4000,13619600
2010-08-05,7.5400,7.5500,7.2500,7.4700,15962800
2010-08-04,7.6000,7.7600,7.5800,7.6000,13133200
2010-08-03,7.6600,7.7600,7.5600,7.5800,15767500
2010-08-02,7.4900,7.7150,7.4500,7.7000,22209600
2010-07-30,7.2800,7.4200,7.2500,7.3300,17229200
2010-07-29,7.3700,7.4900,7.2500,7.3900,24413000
2010-07-28,7.1100,7.3600,7.1100,7.2800,23070800
2010-07-27,7.5800,7.7200,7.2000,7.2100,44147800
2010-07-26,6.6900,7.1000,6.5900,7.0900,26631800
2010-07-23,6.5300,6.7300,6.4300,6.6500,19309800
2010-07-22,6.3100,6.6200,6.3000,6.6000,22231500
2010-07-21,6.7000,6.7500,6.2000,6.2000,36413200
2010-07-20,6.5200,6.5900,6.3300,6.5600,21502600
2010-07-19,6.5300,6.7100,6.4100,6.6800,19111600
2010-07-16,6.9300,6.9500,6.5100,6.5500,21697500
2010-07-15,7.1900,7.1900,6.8200,7.0200,23794800
2010-07-14,7.2500,7.2500,7.0100,7.1500,22484800
2010-07-13,7.3700,7.4500,7.2800,7.3800,18449600
2010-07-12,7.0800,7.3300,7.0500,7.2400,20507200
2010-07-09,6.8100,7.1900,6.7800,7.1500,20138500
2010-07-08,6.7300,6.8400,6.6500,6.8300,24643800
2010-07-07,6.4100,6.6400,6.3600,6.6200,30843900
2010-07-06,6.3500,6.5900,6.3200,6.4100,21651600
2010-07-02,6.4100,6.4900,6.1200,6.2400,18842300
2010-07-01,6.5900,6.7500,6.2200,6.3900,27632300
2010-06-30,6.7600,6.9200,6.5500,6.5800,17448800
2010-06-29,6.9500,6.9900,6.6700,6.7600,29651000
2010-06-28,6.9500,7.1300,6.9400,7.0800,18553900
2010-06-25,6.9300,6.9900,6.7500,6.9850,24197300
2010-06-24,7.0000,7.0500,6.7800,6.8100,23105800
2010-06-23,7.0100,7.1300,6.9000,7.0700,17371600
2010-06-22,7.2100,7.2100,7.0000,7.0000,16738900
2010-06-21,7.2600,7.3450,7.1050,7.1700,19478200
2010-06-18,7.1400,7.2100,7.0500,7.1500,14760300
2010-06-17,7.2100,7.2250,7.0500,7.1500,19927900
2010-06-16,7.2300,7.2800,7.0800,7.1600,21471500
2010-06-15,7.2300,7.3700,7.0500,7.3400,16845500
2010-06-14,7.1400,7.2700,6.9800,7.1600,20885400
2010-06-11,7.0700,7.0700,6.8500,7.0600,19446800
2010-06-10,6.9200,7.1600,6.8600,7.1600,23385000
2010-06-09,7.1800,7.2000,6.7400,6.7900,30532600
2010-06-08,6.9800,7.1100,6.7800,7.1000,34936300
2010-06-07,7.1900,7.3100,6.8800,6.9100,20635000
2010-06-04,7.3900,7.4700,7.0700,7.1300,25696900
2010-06-03,7.7500,7.8500,7.5900,7.6400,13181400
2010-06-02,7.4800,7.6900,7.4200,7.6900,13643300
2010-06-01,7.5400,7.6900,7.3800,7.3800,17244200
2010-05-28,7.9100,7.9400,7.5900,7.6300,16599800
2010-05-27,7.6000,7.8900,7.4500,7.8800,23019100
2010-05-26,7.6100,7.6400,7.3600,7.4000,23517500
2010-05-25,6.9300,7.4800,6.8500,7.4500,35971100
2010-05-24,7.4800,7.4900,7.2000,7.2000,20185700
2010-05-21,7.0800,7.5200,7.0000,7.4700,42828400
2010-05-20,7.5200,7.6000,7.2400,7.2500,40050400
2010-05-19,7.8400,8.0100,7.6000,7.8200,36775400
2010-05-18,8.3900,8.4200,7.6700,7.9200,28755000
2010-05-17,8.2500,8.3500,7.9600,8.2700,27055800
2010-05-14,8.5100,8.5100,8.0900,8.2600,34245400
2010-05-13,8.7700,8.9600,8.7200,8.7400,17484400
2010-05-12,8.7400,8.8800,8.7101,8.8100,20856400
2010-05-11,8.2800,8.8600,8.2800,8.6700,32127900
2010-05-10,8.4100,8.6600,8.3000,8.5100,28882900
2010-05-07,8.2500,8.3800,7.7500,7.9900,46609300
2010-05-06,8.6100,8.7500,7.5900,8.2100,43556500
2010-05-05,8.4000,8.8200,8.2000,8.6700,24758100
2010-05-04,8.7400,8.8300,8.5000,8.5800,25258700
2010-05-03,8.8500,8.9600,8.7100,8.8400,20912900
2010-04-30,8.5900,8.8900,8.5400,8.8375,30368300
2010-04-29,8.5600,8.7200,8.4300,8.6500,24888900
2010-04-28,8.5600,8.7400,8.4400,8.4900,22352500
2010-04-27,8.6200,8.7000,8.3700,8.4300,39730200
2010-04-26,9.0100,9.0500,8.6000,8.6900,21155500
2010-04-23,8.9500,9.1350,8.8000,8.9500,27691000
2010-04-22,8.6500,8.9500,8.5700,8.8900,28106700
2010-04-21,8.6200,9.3300,8.5000,8.7900,60841600
2010-04-20,8.2500,8.8000,8.0000,8.8000,58631800
2010-04-19,8.2000,8.4400,8.0400,8.3300,29882900
2010-04-16,8.6000,8.6000,8.0100,8.3000,55336900
2010-04-15,8.8000,8.8700,8.4500,8.5300,39132300
2010-04-14,8.5100,8.9000,8.4400,8.8200,36670800
2010-04-13,8.5400,8.6600,8.3400,8.3400,38303500
2010-04-12,8.5900,8.9200,8.5800,8.7400,49794500
2010-04-09,8.6500,8.7100,8.5000,8.5900,17760100
2010-04-08,8.2700,8.6800,8.2000,8.6000,32548400
2010-04-07,8.6200,8.9000,8.2900,8.3700,54566600
2010-04-06,8.1800,8.8100,8.1600,8.5500,58256900
2010-04-05,7.9300,8.2000,7.8400,8.1900,28483800
2010-04-01,7.9000,7.9400,7.6600,7.7700,20835000
2010-03-31,7.5500,7.8800,7.5200,7.8500,21527100
2010-03-30,7.6100,7.6500,7.5000,7.6200,12744700
2010-03-29,7.6900,7.7800,7.5200,7.6400,17755000
2010-03-26,7.7500,7.9100,7.5600,7.6300,22603200
2010-03-25,7.9700,8.0500,7.6500,7.6900,35378100
2010-03-24,7.6800,7.9000,7.6200,7.8500,26987400
2010-03-23,7.6200,7.7400,7.5000,7.7300,23056900
2010-03-22,7.2900,7.6400,7.1600,7.6200,19801300
2010-03-19,7.5500,7.6000,7.3200,7.3800,22666300
2010-03-18,7.7300,7.7400,7.3400,7.5000,26623500
2010-03-17,7.6000,7.7650,7.5500,7.7000,25224500
2010-03-16,7.3000,7.5300,7.2100,7.5100,22336300
2010-03-15,7.2800,7.3800,7.1100,7.2300,19977400
2010-03-12,7.5100,7.5400,7.2700,7.3400,29002600
2010-03-11,7.3400,7.4600,7.2500,7.3800,24929300
2010-03-10,7.0100,7.6200,6.9400,7.2900,40783500
2010-03-09,6.9300,7.0000,6.7600,6.9100,22997500
2010-03-08,6.8200,7.0200,6.8200,6.9800,19023600
2010-03-05,6.7400,6.8500,6.6900,6.8400,18875100
2010-03-04,6.6200,6.7000,6.5800,6.6700,11836200
2010-03-03,6.6100,6.6900,6.5900,6.6200,12900100
2010-03-02,6.6700,6.7500,6.5600,6.6100,16207600
2010-03-01,6.7600,6.8300,6.5500,6.6500,16291900
2010-02-26,6.5400,6.7700,6.5000,6.7500,19859000
2010-02-25,6.4800,6.5700,6.4000,6.5400,18802500
2010-02-24,6.5500,6.7000,6.5300,6.6400,20217300
2010-02-23,6.7300,6.7600,6.5000,6.5300,20854700
2010-02-22,6.6000,6.8700,6.5700,6.8100,23729800
2010-02-19,6.4000,6.6200,6.3900,6.5700,14485500
2010-02-18,6.4100,6.4600,6.3100,6.4200,18949400
2010-02-17,6.6600,6.7000,6.4200,6.4600,16534700
2010-02-16,6.4100,6.6500,6.3600,6.6200,17782600
2010-02-12,6.3200,6.3901,6.2100,6.3500,22126400
2010-02-11,6.4200,6.5100,6.3600,6.3800,19687200
2010-02-10,6.2700,6.4800,6.2500,6.3600,18117800
2010-02-09,6.3200,6.4500,6.2496,6.2900,21901600
2010-02-08,6.1800,6.4400,6.0600,6.2300,25259900
2010-02-05,6.1300,6.2400,5.9100,6.1800,24816400
2010-02-04,6.3300,6.3400,6.0300,6.1200,41144000
2010-02-03,6.4800,6.5500,6.2800,6.3900,34371800
2010-02-02,6.6900,6.7800,6.5000,6.5800,35671900
2010-02-01,6.4100,6.6600,6.3900,6.6400,30603000
2010-01-29,6.4900,6.5700,6.3200,6.3500,29037400
2010-01-28,6.3500,6.5500,6.1900,6.4300,38907900
2010-01-27,6.0500,6.3400,6.0500,6.1700,38492200
2010-01-26,6.2500,6.4700,6.0600,6.0800,67534400
2010-01-25,6.6000,6.6900,6.3000,6.5500,34139700
2010-01-22,6.8000,6.8500,6.4900,6.6000,48623600
2010-01-21,6.7800,7.2700,6.7600,6.8600,81428500
2010-01-20,6.4600,6.7400,6.4100,6.7300,32758200
2010-01-19,6.4100,6.5600,6.3600,6.5100,22996900
2010-01-15,6.5000,6.5500,6.2700,6.5200,28504300
2010-01-14,6.3400,6.5700,6.3000,6.5500,31881500
2010-01-13,6.2200,6.4800,6.0800,6.3600,41055600
2010-01-12,6.2600,6.3500,6.2000,6.2500,32974200
2010-01-11,6.2700,6.3700,6.0700,6.3200,27433000
2010-01-08,6.1500,6.2899,6.0700,6.1800,25980300
2010-01-07,5.6600,6.2200,5.6200,6.1700,41430700
2010-01-06,5.6100,5.6900,5.5500,5.6700,22415300
2010-01-05,5.3600,5.6100,5.3600,5.6000,23691300
2010-01-04,5.3600,5.4700,5.3300,5.4200,11754800
2009-12-31,5.3200,5.3400,5.1800,5.2900,9583700
2009-12-30,5.3100,5.3700,5.2700,5.3200,10377600
2009-12-29,5.3600,5.3900,5.3400,5.3600,8039500
2009-12-28,5.4300,5.4800,5.3200,5.3500,9044900
2009-12-24,5.3900,5.4600,5.3600,5.4300,3305200
2009-12-23,5.5200,5.5400,5.3600,5.3800,7642600
2009-12-22,5.4900,5.5400,5.4700,5.5400,8637300
2009-12-21,5.4800,5.4900,5.4400,5.4800,11594700
2009-12-18,5.3900,5.5000,5.3400,5.4500,25628200
2009-12-17,5.2500,5.5100,5.2200,5.3300,16413500
2009-12-16,5.3800,5.4500,5.3000,5.3300,19343900
2009-12-15,5.5000,5.5800,5.3300,5.3400,22634400
2009-12-14,5.5800,5.6000,5.5000,5.5800,14594400
2009-12-11,5.5600,5.5800,5.4900,5.5800,10874400
2009-12-10,5.5800,5.6000,5.4600,5.5300,19940800
2009-12-09,5.7100,5.7100,5.5400,5.5600,15592300
2009-12-08,5.5200,5.7300,5.4600,5.6900,26151500
2009-12-07,5.6500,5.6700,5.5400,5.6400,27671600
2009-12-04,5.7000,5.7200,5.5600,5.7100,29569200
2009-12-03,5.9300,5.9800,5.4800,5.5000,36072400
2009-12-02,5.8000,5.9800,5.7800,5.8500,30304700
2009-12-01,5.9100,5.9900,5.6600,5.7800,34446800
2009-11-30,5.5900,5.8700,5.5900,5.8600,31663200
2009-11-27,5.5700,5.7600,5.5000,5.5800,16437100
2009-11-25,5.8200,5.8500,5.7500,5.8000,19397300
2009-11-24,5.6800,5.8500,5.5700,5.7400,28998900
2009-11-23,5.5100,5.8200,5.4100,5.6900,36944000
2009-11-20,5.3100,5.5200,5.2900,5.4500,35099900
2009-11-19,5.3300,5.4400,5.2900,5.3500,39438100
2009-11-18,5.2300,5.5700,5.1000,5.3900,56042900
2009-11-17,4.9200,5.2700,4.8800,5.1800,38180700
2009-11-16,4.9000,5.0400,4.8500,4.9300,29667600
2009-11-13,4.7800,4.8900,4.7350,4.8300,23893300
2009-11-12,4.8200,4.9600,4.7400,4.7700,34436600
2009-11-11,4.8500,5.0000,4.7900,4.8200,23008200
2009-11-10,4.9300,5.0000,4.7600,4.8300,20804000
2009-11-09,4.8400,4.9800,4.7400,4.9600,31464600
2009-11-06,4.7100,4.8950,4.6800,4.7500,24253200
2009-11-05,4.7400,4.8650,4.6100,4.8100,30675200
2009-11-04,4.9700,5.0200,4.6500,4.6700,31342400
2009-11-03,4.7300,4.9600,4.6500,4.8400,34751400
2009-11-02,4.9100,5.0400,4.7100,4.7800,38485000
2009-10-30,5.1500,5.1700,4.8000,4.8400,41091800
2009-10-29,4.9600,5.2100,4.9400,5.1800,46967600
2009-10-28,5.1200,5.1300,4.7900,4.8200,58697900
2009-10-27,5.0500,5.2400,4.9200,5.0700,45645500
2009-10-26,5.5200,5.5900,5.0400,5.1000,48627200
2009-10-23,5.9000,5.9000,5.4500,5.5300,41539800
2009-10-22,5.7400,5.8600,5.5500,5.8100,35075700
2009-10-21,5.6800,6.0200,5.6800,5.7100,43310700
2009-10-20,5.5400,6.1100,5.5100,5.8100,84135300
2009-10-19,5.8800,5.9000,5.6500,5.7000,31722600
2009-10-16,5.9800,6.0400,5.8300,5.8300,26271800
2009-10-15,6.0300,6.2000,5.9400,6.0900,35311700
2009-10-14,6.0800,6.1800,5.9200,6.0900,52926800
2009-10-13,6.0300,6.1200,5.9100,5.9600,34364600
2009-10-12,5.9900,6.0900,5.9500,6.0000,15915600
2009-10-09,5.9400,5.9700,5.8700,5.9500,19185600
2009-10-08,6.1200,6.1616,5.9300,5.9400,26485300
2009-10-07,5.8600,6.0100,5.7700,6.0000,20706300
2009-10-06,6.1100,6.2300,5.8300,5.9000,38988400
2009-10-05,5.9100,6.0700,5.8600,5.9600,27108000
2009-10-02,5.7500,6.1300,5.5700,5.7900,36211500
2009-10-01,6.1600,6.2900,5.9100,5.9700,43100000
2009-09-30,6.5000,6.5406,6.0500,6.2100,47949300
2009-09-29,6.6300,6.7200,6.4400,6.4500,34630800
2009-09-28,6.3900,6.5800,6.3500,6.5800,23837000
2009-09-25,6.2100,6.4200,6.2000,6.3600,27796200
2009-09-24,6.6300,6.6700,6.2100,6.3700,39934400
2009-09-23,6.9000,6.9100,6.5700,6.5700,28920900
2009-09-22,6.7100,6.8600,6.6100,6.8100,38885900
2009-09-21,6.1300,6.6600,6.1200,6.5300,42629900
2009-09-18,6.3400,6.3800,6.0200,6.1300,48860800
2009-09-17,6.4100,6.8100,6.1300,6.2700,68204500
2009-09-16,6.0900,6.7300,5.9800,6.3900,80536800
2009-09-15,5.6000,6.2000,5.5000,6.0600,68683800
2009-09-14,5.4200,5.5200,5.3300,5.5200,22909100
2009-09-11,5.6100,5.6500,5.4700,5.5100,21438800
2009-09-10,5.6500,5.6700,5.5300,5.6000,17469200
2009-09-09,5.6100,5.6900,5.5200,5.6600,23552600
2009-09-08,5.7000,5.7400,5.5200,5.6000,20003300
2009-09-04,5.2700,5.5600,5.2500,5.5300,29040800
2009-09-03,5.3300,5.4300,5.1900,5.2300,41649800
2009-09-02,5.4400,5.5000,5.1600,5.1900,49530900
2009-09-01,5.7800,6.0100,5.5100,5.5400,55743500
2009-08-31,5.8700,5.9500,5.7800,5.8600,34671500
2009-08-28,6.0400,6.0800,5.8900,5.9700,27695800
2009-08-27,5.8600,5.9500,5.6400,5.9200,40537000
2009-08-26,5.8900,6.0000,5.7300,5.8400,43023800
2009-08-25,5.8800,5.9900,5.7200,5.8300,44400900
2009-08-24,6.0200,6.1100,5.6500,5.7000,49706800
2009-08-21,5.6300,5.9100,5.5900,5.8600,52353200
2009-08-20,5.4700,5.6500,5.3600,5.4900,42430400
2009-08-19,5.5350,5.8000,5.2700,5.5100,38734200
2009-08-18,5.3500,5.5700,5.2800,5.4400,42514200
2009-08-17,5.3000,5.4600,5.2000,5.2500,42876400
2009-08-14,5.3800,5.8000,5.2600,5.6400,90586900
2009-08-13,5.1900,5.2800,4.9300,5.2000,66286700
2009-08-12,4.7100,4.8700,4.6600,4.8200,29488000
2009-08-11,4.9400,4.9500,4.7000,4.7600,34391500
2009-08-10,4.9450,5.0900,4.8000,4.9700,36374500
2009-08-07,4.7500,5.0000,4.7000,4.9300,42904400
2009-08-06,4.8400,4.8800,4.5600,4.6000,49824800
2009-08-05,4.6500,4.8100,4.5800,4.7300,46393000
2009-08-04,4.3800,4.7300,4.3000,4.5800,45954000
2009-08-03,4.3300,4.5200,4.2800,4.4400,38427200
2009-07-31,4.2400,4.4600,4.1800,4.4200,33580900
2009-07-30,4.0200,4.2800,4.0000,4.2300,55067800
2009-07-29,3.9200,4.0300,3.8400,3.8900,27424900
2009-07-28,4.0300,4.0500,3.8800,3.9100,26472600
2009-07-27,3.7100,4.0600,3.6900,4.0200,52668900
2009-07-24,3.6100,3.7200,3.5300,3.6900,20355800
2009-07-23,3.5900,3.6900,3.4300,3.6600,41573600
2009-07-22,3.4000,3.6700,3.3000,3.5000,49368600
2009-07-21,3.6900,3.7200,3.3600,3.4200,101115800
2009-07-20,4.0800,4.1300,4.0100,4.0400,24797500
2009-07-17,4.2000,4.2000,3.8900,4.0500,25975500
2009-07-16,4.1500,4.2500,4.0900,4.2200,21168400
2009-07-15,4.1500,4.2600,4.1000,4.2100,34197400
2009-07-14,4.0600,4.1600,4.0000,4.0900,25469500
2009-07-13,3.9900,4.0700,3.8600,4.0700,26174600
2009-07-10,3.8200,3.9100,3.7700,3.9000,18488000
2009-07-09,3.8200,3.8900,3.7800,3.8400,18983400
2009-07-08,3.8500,3.9100,3.5500,3.7600,34906000
2009-07-07,3.8300,3.9300,3.7800,3.8300,24461600
2009-07-06,3.7700,3.9000,3.7500,3.8400,23870000
2009-07-02,3.9100,3.9500,3.7500,3.8000,23419200
2009-07-01,4.0400,4.0600,3.9500,3.9700,16428700
2009-06-30,4.1100,4.1400,3.8900,4.0400,23859900
2009-06-29,3.9200,4.1300,3.8600,4.0700,31828500
2009-06-26,3.8900,3.9500,3.7700,3.9500,30677500
2009-06-25,3.7600,3.9600,3.7500,3.9600,31069100
2009-06-24,3.8800,3.9000,3.7700,3.8100,23272800
2009-06-23,3.8400,3.9200,3.6600,3.7600,33198800
2009-06-22,4.0800,4.1200,3.8100,3.8400,43225800
2009-06-19,4.1300,4.1700,3.9800,4.1300,65579800
2009-06-18,4.0300,4.2100,4.0000,4.0300,35301600
2009-06-17,4.1600,4.1900,3.8400,3.9900,57713200
2009-06-16,4.3800,4.3800,4.1900,4.2500,39745800
2009-06-15,4.3800,4.5100,4.2500,4.3300,47528000
2009-06-12,4.3800,4.6300,4.3600,4.4600,38747400
2009-06-11,4.1200,4.5300,4.0900,4.3700,103980700
2009-06-10,4.0800,4.1000,3.9700,4.0000,29959800
2009-06-09,4.0700,4.1100,4.0100,4.0600,21829400
2009-06-08,3.9900,4.1100,3.9600,4.0700,32855500
2009-06-05,4.1700,4.2300,3.9700,4.0000,51567000
2009-06-04,4.0800,4.2000,4.0000,4.0800,71373600
2009-06-03,4.0100,4.1300,4.0000,4.0400,38673600
2009-06-02,4.0000,4.0900,3.8700,4.0000,47847700
2009-06-01,4.2100,4.2400,3.9500,3.9900,58703700
2009-05-29,4.0400,4.1900,3.8900,4.1900,82740200
2009-05-28,4.0500,4.0900,3.7700,4.0200,65791800
2009-05-27,4.0100,4.1200,3.8900,3.9600,89481300
2009-05-26,4.0000,4.0200,3.6700,3.8300,112017900
2009-05-22,4.2800,4.3000,3.9800,4.0400,101604500
2009-05-21,3.9900,4.2200,3.9000,4.1000,570981700
2009-05-20,4.8700,5.4400,4.7700,4.8900,101898000
2009-05-19,5.2700,5.8800,5.1600,5.2400,32999100
2009-05-18,5.0200,5.5400,4.9400,5.4300,37149300
2009-05-15,5.0000,5.0600,4.7000,4.8500,22590800
2009-05-14,4.6000,5.2400,4.5500,4.9800,24657800
2009-05-13,5.0200,5.1800,4.6500,4.7000,34110900
2009-05-12,6.0400,6.1000,5.0500,5.3500,36450500
2009-05-11,6.3500,6.5200,5.8700,5.9200,34952800
2009-05-08,5.6800,6.6000,4.8800,6.5300,68338400
2009-05-07,6.5200,6.5500,5.0300,5.2300,42991600
2009-05-06,5.8000,6.5500,5.4100,5.8300,66646100
2009-05-05,5.3000,5.5800,5.0200,5.4900,30330200
2009-05-04,4.4100,5.6000,4.4000,5.5300,47691300
2009-05-01,4.4300,4.6900,4.3600,4.3900,14480200
2009-04-30,4.9100,4.9200,4.3500,4.4900,26542100
2009-04-29,4.9500,5.0600,4.5100,4.6600,26766300
2009-04-28,4.7500,5.2000,4.4800,4.7100,27102600
2009-04-27,5.3900,5.4800,4.8500,4.9100,28849400
2009-04-24,5.8100,5.9500,5.1000,5.5600,49489500
2009-04-23,5.9700,6.1500,5.2000,5.8200,37618700
2009-04-22,5.7500,6.9300,5.6300,5.8000,42371300
2009-04-21,5.0100,6.5400,4.8100,6.1400,53901000
2009-04-20,6.8500,6.8500,5.6500,5.8000,28862700
2009-04-17,6.7800,7.6000,6.1500,7.2300,62195300
2009-04-16,5.1700,7.0400,5.0100,6.7000,74214400
2009-04-15,4.6500,5.0100,4.5000,5.0000,13220200
2009-04-14,5.1000,5.3700,4.6500,4.7300,24231400
2009-04-13,4.2200,5.1300,4.0900,5.0300,24725600
2009-04-09,4.4000,4.4700,3.8900,4.3100,24425900
2009-04-08,4.0600,4.1100,3.6800,3.8300,9464700
2009-04-07,4.0500,4.1400,3.9900,3.9900,8528400
2009-04-06,4.1600,4.3200,4.1000,4.2300,11120900
2009-04-03,4.3300,4.5600,4.0900,4.5600,11442700
2009-04-02,4.7500,4.7800,4.3200,4.4500,14059300
2009-04-01,4.2200,4.6200,4.1000,4.4100,13533200
2009-03-31,4.1300,4.3000,3.8900,4.2600,11869100
2009-03-30,4.0600,4.2000,3.9000,3.9000,11894400
2009-03-27,4.3600,4.7500,4.3200,4.3200,11550400
2009-03-26,4.7300,4.9000,4.4600,4.5500,13933500
2009-03-25,4.5100,5.0000,4.3000,4.6900,17119900
2009-03-24,4.2800,4.9200,4.2300,4.4800,20627800
2009-03-23,4.4700,4.6300,4.2175,4.5000,22101900
2009-03-20,4.4600,4.4800,3.8200,4.0200,17175300
2009-03-19,5.1900,5.1900,4.2500,4.3400,20488400
2009-03-18,4.0300,4.9500,3.9100,4.9500,26273600
2009-03-17,3.8500,4.1500,3.7800,4.0900,12704300
2009-03-16,4.0000,4.2900,3.8100,3.8500,16162700
2009-03-13,3.7800,4.0000,3.6000,3.8900,13825900
2009-03-12,3.4700,3.8100,3.1800,3.7600,27849500
2009-03-11,3.9200,4.0000,3.4100,3.5300,17108500
2009-03-10,3.4600,3.8500,3.4500,3.7400,18503000
2009-03-09,2.9400,3.3400,2.8500,3.2700,16474700
2009-03-06,3.1500,3.3500,2.7600,2.9400,16812000
2009-03-05,3.3900,3.4900,2.9000,3.1000,15967600
2009-03-04,3.6000,3.7900,3.3800,3.5200,11990900
2009-03-03,3.8000,3.9000,3.4100,3.4300,13501600
2009-03-02,3.1800,3.8000,3.1700,3.5700,20402200
2009-02-27,3.3500,3.9500,3.1000,3.4200,34587500
2009-02-26,4.1400,4.4700,3.6100,3.9400,38114400
2009-02-25,3.2000,4.1000,2.8300,3.7600,38851300
2009-02-24,2.6600,3.3900,2.5400,3.2900,28278100
2009-02-23,3.1000,3.1500,2.6400,2.6900,16631400
2009-02-20,2.4400,3.0200,2.3500,2.8400,23819600
2009-02-19,3.0000,3.1400,2.6300,2.6400,11355900
2009-02-18,3.2600,3.4000,2.9300,2.9900,17067300
2009-02-17,3.0000,3.2300,2.9800,3.0900,21006300
2009-02-13,3.5000,3.6800,3.3500,3.3800,13067600
2009-02-12,3.3700,3.6100,3.2200,3.5700,21358200
2009-02-11,3.6000,3.7900,3.3900,3.6800,26647700
2009-02-10,4.6500,4.6700,3.1700,3.2400,47192400
2009-02-09,4.7000,5.0400,4.3400,4.6400,32890000
2009-02-06,3.0300,4.5500,3.0100,4.2000,47574100
2009-02-05,2.5000,3.2000,2.3500,2.8300,28918200
2009-02-04,2.6500,2.7900,2.3800,2.5000,15650500
2009-02-03,3.1300,3.1600,2.5200,2.6100,21499800
2009-02-02,3.4500,3.4500,2.6700,2.9200,27033800
2009-01-30,4.0700,4.2100,3.4000,3.4600,19374300
2009-01-29,4.4900,4.4900,4.0600,4.1400,15145500
2009-01-28,4.5000,4.7300,4.3100,4.5600,20610000
2009-01-27,4.5100,4.6500,4.0100,4.0800,13169500
2009-01-26,4.9100,4.9100,4.0000,4.1000,12730100
2009-01-23,4.0500,4.7500,4.0000,4.6600,15574900
2009-01-22,4.9400,4.9500,4.1400,4.2500,18333500
2009-01-21,4.6000,5.0200,4.4500,4.9500,22708300
2009-01-20,5.6000,5.8000,4.6000,4.6000,28075400
2009-01-16,6.3500,6.5000,5.8100,6.0700,16682700
2009-01-15,6.8600,6.8600,5.9700,6.1000,17505500
2009-01-14,6.9200,7.1000,6.7400,6.8500,12115100
2009-01-13,6.9400,7.2600,6.7000,7.2100,13708900
2009-01-12,7.2100,7.3400,6.9000,7.0200,12211500
2009-01-09,7.8800,7.9000,7.1000,7.1700,11123200
2009-01-08,7.8500,7.9900,7.7400,7.7900,9061500
2009-01-07,8.5500,8.5500,7.8000,7.9100,11288800
2009-01-06,8.8600,8.9000,8.5000,8.8300,7774200
2009-01-05,8.4800,9.0700,8.4000,8.7200,12011800
2009-01-02,8.1200,8.6700,7.9900,8.6100,8917000
2008-12-31,7.8400,8.0100,7.5000,7.9600,9690800
2008-12-30,8.0000,8.1200,7.7300,7.8900,6726900
2008-12-29,8.2400,8.3000,7.8400,7.9400,5662300
2008-12-26,8.3300,8.3900,8.0800,8.2400,2919600
2008-12-24,8.1400,8.3300,8.0600,8.2500,2298500
2008-12-23,8.2600,8.5000,7.9600,8.1200,8112500
2008-12-22,8.1100,8.3800,8.0700,8.2000,10655100
2008-12-19,8.4700,9.0000,8.0200,8.0700,11216500
2008-12-18,8.8800,9.0100,8.3000,8.3600,8145900
2008-12-17,8.5900,8.9300,8.3500,8.7700,9490200
2008-12-16,8.4400,8.7300,8.3000,8.7000,11796700
2008-12-15,8.8700,8.8700,8.0500,8.2600,6245800
2008-12-12,8.0100,8.9200,8.0000,8.8600,8101000
2008-12-11,8.9400,9.0900,8.2500,8.3000,8742400
2008-12-10,9.2500,9.4000,8.7100,8.9700,7694300
2008-12-09,9.7300,9.9800,9.0000,9.1100,10816100
2008-12-08,9.8000,10.1000,9.4300,9.9800,10243100
2008-12-05,9.4400,9.8000,8.9600,9.5600,15271200
2008-12-04,9.5500,10.4900,9.4400,9.7100,12350100
2008-12-03,8.6900,10.0000,8.6800,9.9400,10568500
2008-12-02,8.8500,9.3500,8.3700,9.2500,9995500
2008-12-01,9.9000,9.9900,8.3600,8.4700,9665700
2008-11-28,9.9600,10.3500,9.9000,10.1900,3418600
2008-11-26,9.0800,10.0500,8.9500,10.0000,7882700
2008-11-25,9.5300,9.7400,8.7500,9.4100,10100300
2008-11-24,8.7500,9.4300,8.0300,9.3800,13384600
2008-11-21,8.0000,8.1500,6.8500,7.9500,18836500
2008-11-20,8.6100,8.8300,7.5200,7.6600,16931300
2008-11-19,9.4500,9.6800,8.6800,8.7200,12025000
2008-11-18,9.1600,9.7700,8.8700,9.5900,11712600
2008-11-17,9.7000,9.8300,9.0000,9.0600,11114600
2008-11-14,10.1600,10.6500,9.6500,9.6700,7578200
2008-11-13,9.6700,10.5100,9.0000,10.4800,11345300
2008-11-12,10.1600,10.6225,9.5200,9.6400,10404700
2008-11-11,10.4000,10.8900,10.1600,10.3200,7705600
2008-11-10,11.1700,11.3600,10.4400,10.6800,5878800
2008-11-07,10.8600,11.0800,10.3800,10.9600,7644700
2008-11-06,11.2800,11.8500,10.5000,10.6300,10741300
2008-11-05,12.8900,12.9600,11.3500,11.4900,10277600
2008-11-04,12.0000,12.6400,11.8600,12.5100,11238600
2008-11-03,10.9000,11.8400,10.8500,11.7700,6798000
2008-10-31,10.7000,11.4000,10.7000,11.0900,9788700
2008-10-30,11.9500,12.0000,10.5500,10.8500,9908600
2008-10-29,11.4800,12.3600,11.1900,11.3600,14584600
2008-10-28,10.4500,11.7000,10.2400,11.6000,14647600
2008-10-27,8.9000,10.4900,8.9000,9.9500,13509900
2008-10-24,8.0000,9.7600,8.0000,8.9400,14203000
2008-10-23,10.7200,10.7300,9.0900,9.7900,15830900
2008-10-22,10.5000,11.1800,10.3900,10.7300,14518600
2008-10-21,10.3100,11.5000,10.0900,11.2900,13161000
2008-10-20,11.2000,11.2100,10.3000,10.6400,9708100
2008-10-17,10.9300,11.5000,10.4100,10.7700,14593000
2008-10-16,11.6300,11.7500,10.0000,11.4600,15458300
2008-10-15,10.9400,11.9400,10.6300,11.6700,17225100
2008-10-14,9.9200,11.5900,9.9200,11.3700,24236800
2008-10-13,10.8800,11.0700,8.2500,8.8400,16200200
2008-10-10,6.9900,9.7499,6.9600,9.1400,23495300
2008-10-09,10.3700,10.3700,7.4800,7.6000,26110600
2008-10-08,10.1800,11.3500,9.7500,9.7500,10697900
2008-10-07,12.2500,12.4600,10.5600,10.6400,10041900
2008-10-06,12.0100,12.7400,11.0500,12.1300,13982300
2008-10-03,13.7400,14.5000,12.0600,13.5200,15198200
2008-10-02,11.0000,13.5900,10.7900,11.8500,13198800
2008-10-01,9.8400,11.1800,9.7500,10.4500,20431100
2008-09-30,9.9900,10.7800,9.3000,9.6000,17028100
2008-09-29,13.4100,13.5000,8.2500,8.2500,24921400
2008-09-26,12.9000,14.7900,12.5000,14.0000,7889100
2008-09-25,13.8000,14.3300,13.1800,13.8500,7630700
2008-09-24,14.1900,14.1900,12.6500,13.0200,8033300
2008-09-23,15.3100,15.3100,13.7200,13.7200,10432100
2008-09-22,18.2000,18.2000,15.4900,15.6000,10714300
2008-09-19,19.1000,19.8000,15.4700,19.8000,31386600
2008-09-18,10.8700,10.8700,10.8700,10.8700,41575500
2008-09-17,11.4700,11.6800,10.3400,10.8700,23857800
2008-09-16,10.2500,11.8400,10.2500,11.7400,27133600
2008-09-15,10.6800,12.1000,10.5100,11.1200,28313400
2008-09-12,10.8200,11.7300,10.7500,11.6900,15471700
2008-09-11,10.2600,11.2000,10.1600,11.1200,18245000
2008-09-10,11.8400,11.9900,10.8200,11.2400,17378900
2008-09-09,11.9500,12.5000,11.5200,11.5500,23706200
2008-09-08,12.6500,14.0500,11.4600,12.2400,40573700
2008-09-05,10.1700,11.1000,10.1000,11.0900,15419200
2008-09-04,10.7700,11.1300,10.4900,10.5000,14924300
2008-09-03,10.9000,11.2200,10.6500,11.0000,18897000
2008-09-02,10.3800,11.0700,10.1300,11.0500,36412900
2008-08-29,8.7400,9.5500,8.7000,9.2700,12843400
2008-08-28,8.6400,8.9300,8.4600,8.9200,10617800
2008-08-27,8.2600,8.5800,8.2500,8.4700,7784000
2008-08-26,8.2100,8.3700,8.1599,8.3600,10985500
2008-08-25,8.1300,8.4000,8.1000,8.1800,9959000
2008-08-22,8.4300,8.5000,8.0200,8.4800,10364900
2008-08-21,8.3300,8.6200,8.1100,8.1500,13563900
2008-08-20,8.3300,8.6500,8.0700,8.5500,15302700
2008-08-19,8.4400,8.4700,8.1200,8.2900,17645400
2008-08-18,9.1800,9.1800,8.4200,8.4500,14985600
2008-08-15,9.1000,9.4600,8.8300,9.1000,10003900
2008-08-14,8.3300,9.0300,8.3000,8.8800,11824200
2008-08-13,8.9800,8.9800,8.0100,8.3600,25295800
2008-08-12,9.7800,9.9100,8.7500,9.0600,18092400
2008-08-11,9.6300,10.3100,9.6000,9.9800,14639200
2008-08-08,9.5000,9.8300,9.3200,9.6400,18921000
2008-08-07,9.7500,10.3100,9.3100,9.4700,23184400
2008-08-06,9.8900,10.2200,9.3300,10.1400,19784100
2008-08-05,9.7300,10.0700,9.5200,9.9300,14794100
2008-08-04,9.5300,9.6400,9.0000,9.3900,12723600
2008-08-01,9.4300,9.8800,9.1700,9.5300,15844100
2008-07-31,9.6000,9.9400,9.3100,9.4800,12241200
2008-07-30,10.0200,10.5700,9.2400,9.7400,23014300
2008-07-29,8.7800,9.5800,8.6600,9.5200,20292300
2008-07-28,9.0500,9.5000,8.6500,8.6800,21676000
2008-07-25,9.9200,9.9700,8.8500,9.0800,32394600
2008-07-24,11.6200,11.8600,9.8500,10.1600,28496900
2008-07-23,11.2700,12.9800,11.0500,11.8000,41887200
2008-07-22,8.4300,11.5500,7.8300,11.4000,68811300
2008-07-21,10.5600,10.9483,10.2100,10.4000,32679000
2008-07-18,10.2400,10.4900,9.5200,10.1100,32474800
2008-07-17,8.8800,9.9900,8.0900,9.7900,50837800
2008-07-16,7.1400,8.0400,6.8200,8.0100,43952300
2008-07-15,6.7800,7.8100,6.4100,6.8800,46462700
2008-07-14,8.6800,8.8300,7.0500,7.1300,32923600
2008-07-11,9.0000,9.0700,8.3900,8.5400,24724500
2008-07-10,9.6000,9.9900,9.2600,9.4800,17945800
2008-07-09,10.9400,11.5300,9.5500,9.6000,20843100
2008-07-08,9.7100,11.1100,9.5200,10.9500,25200000
2008-07-07,10.4400,10.9900,9.3900,9.6400,25609600
2008-07-03,10.8200,11.0500,9.8600,10.3100,16172500
2008-07-02,11.7100,12.1800,10.5200,10.5900,22226000
2008-07-01,10.7600,11.5900,10.6000,11.5900,25908700
2008-06-30,10.8200,11.0500,10.3100,10.9100,20115500
2008-06-27,11.1500,11.2200,10.5000,10.7800,16330700
2008-06-26,11.4000,11.5900,11.0100,11.1400,15826300
2008-06-25,11.4300,12.1100,11.4100,11.5800,24645900
2008-06-24,10.8500,11.7000,10.6100,11.3600,21535300
2008-06-23,11.3200,11.3800,10.5900,10.8700,13852100
2008-06-20,11.1800,12.1000,10.3300,11.2200,28882300
2008-06-19,11.4800,11.5000,10.3200,11.1800,32581100
2008-06-18,12.0300,12.0400,10.7500,11.4000,41276300
2008-06-17,13.9000,14.0000,12.6900,12.7300,17422500
2008-06-16,13.2200,14.2400,13.0700,13.7500,16466700
2008-06-13,13.5400,13.8700,12.3700,13.2800,18855900
2008-06-12,13.9400,14.3500,13.2300,13.4900,17694100
2008-06-11,14.4500,14.5600,13.5000,13.6900,16850900
2008-06-10,13.9900,15.6500,13.9600,14.4000,20288800
2008-06-09,15.6000,15.7000,14.0900,14.3400,22064100
2008-06-06,16.3300,16.3300,15.3000,15.4500,16256800
2008-06-05,16.3100,16.7400,16.2500,16.5400,8743700
2008-06-04,16.7500,16.9100,16.1700,16.4300,16492000
2008-06-03,17.3600,17.4900,16.3600,16.6800,19627200
2008-06-02,17.7500,17.9700,17.2100,17.2900,17573100
2008-05-30,18.6900,18.7400,17.7900,17.8200,7919700
2008-05-29,17.8900,18.7700,17.8300,18.5700,8585300
2008-05-28,19.1700,19.1900,17.6550,18.0800,18136500
2008-05-27,18.6900,19.1200,18.6400,19.0400,7281848
2008-05-23,19.0300,19.1900,18.6100,18.6600,6817503
2008-05-22,18.9600,19.5000,18.9400,19.1400,7700200
2008-05-21,19.8400,19.9000,18.8400,18.9000,12176100
2008-05-20,19.6400,19.9600,19.4300,19.7300,10641900
2008-05-19,20.1900,20.2700,19.6600,19.7100,9047100
2008-05-16,20.9300,20.9500,20.0700,20.1700,9985700
2008-05-15,21.1500,21.3200,20.9300,21.3200,6531000
2008-05-14,21.3000,21.4300,20.9000,21.1700,9112800
2008-05-13,21.6200,21.8000,21.2700,21.4300,6509000
2008-05-12,21.2700,21.7800,21.2100,21.7400,4537000
2008-05-09,21.3200,21.8600,20.8900,21.1700,7008200
2008-05-08,22.0300,22.1100,21.0500,21.4600,7220000
2008-05-07,22.8300,23.0000,21.8100,21.9100,6069100
2008-05-06,22.2100,23.0600,22.1300,22.8600,7799100
2008-05-05,23.4600,23.4600,22.8300,22.8900,6575900
2008-05-02,23.0800,24.3100,23.0800,23.4700,7979300
2008-05-01,22.0600,23.1600,21.9500,23.0400,7509600
2008-04-30,22.3700,22.5900,21.8800,21.9200,5689100
2008-04-29,22.3400,22.4900,22.0400,22.3500,5264300
2008-04-28,22.3900,22.5000,21.8800,22.2800,5011000
2008-04-25,22.1600,22.3000,21.4300,22.2200,8702800
2008-04-24,20.5700,22.0000,20.3900,21.8600,10758900
2008-04-23,20.7100,20.9300,20.2300,20.4300,6374500
2008-04-22,20.8600,21.0400,20.5000,20.8200,6153400
2008-04-21,21.5200,21.5300,20.6800,20.9900,6526600
2008-04-18,22.1800,22.6400,21.5300,21.6000,10126800
2008-04-17,20.2100,21.8600,20.2100,21.6900,8427100
2008-04-16,20.4800,20.5700,19.8420,20.3000,8958600
2008-04-15,19.7100,20.5900,19.4500,20.1200,15211100
2008-04-14,19.4100,19.7700,18.5300,18.5600,11666500
2008-04-11,19.7500,20.2800,19.6100,19.7700,7380900
2008-04-10,20.0000,20.6000,19.6700,19.9600,7811900
2008-04-09,20.5500,20.7900,20.1100,20.1800,3402600
2008-04-08,20.7900,21.0100,20.3500,20.5200,4712800
2008-04-07,21.2600,21.5400,20.9100,21.1500,5477200
2008-04-04,21.8800,21.8800,20.8400,20.9100,4861600
2008-04-03,20.9300,21.9200,20.8300,21.8100,6445000
2008-04-02,21.7200,22.6900,21.5600,21.7100,8086600
2008-04-01,20.8000,21.5900,20.1300,21.4500,10598500
2008-03-31,19.9200,20.2800,19.5400,19.7500,6079400
2008-03-28,20.6100,20.9000,19.5900,19.6500,6204800
2008-03-27,21.1900,21.5000,20.5100,20.5700,7423000
2008-03-26,21.7500,21.9500,20.5000,21.1800,6444000
2008-03-25,22.2700,22.3100,21.5700,22.1000,6019700
2008-03-24,21.8900,23.1200,21.7700,22.1400,7998100
2008-03-20,20.5400,21.7700,20.3300,21.7200,10573300
2008-03-19,20.1200,20.9500,20.0800,20.4000,14170100
2008-03-18,20.1500,20.5000,19.3400,20.0100,15082600
2008-03-17,19.3800,20.5300,18.9400,19.5000,14821400
2008-03-14,21.1500,21.6800,19.9400,20.2500,12038800
2008-03-13,20.7900,21.7100,20.2500,21.5100,9345300
2008-03-12,22.0000,22.8500,21.3700,21.3700,8096000
2008-03-11,20.8800,21.9200,20.5400,21.9200,8975500
2008-03-10,20.4200,20.6000,19.6200,19.9600,8819600
2008-03-07,19.8500,20.8800,19.6500,20.3600,6611400
2008-03-06,20.6500,20.8200,19.9300,19.9700,5834900
2008-03-05,21.0900,21.5100,20.7300,20.9400,7444200
2008-03-04,20.3000,20.9200,19.8400,20.8100,9506000
2008-03-03,20.7200,21.1600,20.4200,20.5900,6726500
2008-02-29,21.6400,21.7700,21.1000,21.2000,10053800
2008-02-28,23.0100,23.2000,21.9000,21.9400,6011400
2008-02-27,23.0000,23.6700,22.8000,23.2200,4138900
2008-02-26,22.9800,23.4900,22.7900,23.1900,5801800
2008-02-25,23.0200,23.2300,22.3400,23.1100,7002000
2008-02-22,22.6000,23.1400,22.1300,23.1100,4300300
2008-02-21,23.3600,23.4900,22.4400,22.4800,4036900
2008-02-20,22.2700,23.4000,22.0900,23.2300,5551000
2008-02-19,23.1600,23.3700,22.3300,22.5100,4595600
2008-02-15,22.7900,23.0700,22.3200,22.9300,5488000
2008-02-14,23.4500,23.5600,22.7500,22.8200,5208400
2008-02-13,24.1500,24.1500,23.0700,23.5900,5097800
2008-02-12,23.1200,24.1300,23.1200,23.7100,5168900
2008-02-11,23.2500,23.3200,22.5400,23.0100,4879200
2008-02-08,24.1100,24.2200,22.8200,23.2100,8180800
2008-02-07,23.0900,24.4050,23.0900,24.2000,6105300
2008-02-06,23.9000,24.2900,23.0800,23.6900,8174200
2008-02-05,24.5300,24.8600,24.1500,24.2400,5551500
2008-02-04,25.7300,25.7300,24.9400,25.1000,6979300
2008-02-01,25.5100,25.8400,25.0800,25.7300,5922900
2008-01-31,23.9500,25.5900,23.0300,25.1700,10774600
2008-01-30,24.7700,25.2600,24.1800,24.3400,8153800
2008-01-29,24.0100,25.0500,23.5300,24.9300,7482800
2008-01-28,22.6900,23.7900,22.4700,23.7900,7168400
2008-01-25,22.7700,23.7500,22.2100,22.7900,10424700
2008-01-24,22.0100,22.8000,21.6800,22.4700,9926600
2008-01-23,18.5000,22.6010,18.5000,21.8400,11130700
2008-01-22,18.9400,20.4400,17.9000,20.1300,11302800
2008-01-18,19.7100,19.9600,19.0200,19.1900,8426300
2008-01-17,21.2600,21.2900,19.5200,19.5700,9467400
2008-01-16,20.2800,21.6000,20.2700,21.1600,9617300
2008-01-15,20.0100,20.6600,19.7500,20.3400,9606900
2008-01-14,20.6800,20.6800,19.8600,20.4100,6360800
2008-01-11,19.7500,20.9000,19.4200,20.4700,7530200
2008-01-10,19.3900,20.4700,18.9300,20.0600,10915000
2008-01-09,19.5900,19.6500,18.6100,19.5800,10257700
2008-01-08,20.9900,21.0700,19.4600,19.5000,11255300
2008-01-07,20.9700,21.3500,20.3700,20.8500,9490200
2008-01-04,22.2500,22.3400,20.7100,20.8000,10403700
2008-01-03,23.4500,23.6000,23.1300,23.2800,3954300
2008-01-02,23.7300,23.8200,23.1300,23.2800,5969700
2007-12-31,23.6000,24.0200,23.2600,23.6500,4503200
2007-12-28,24.0600,24.2400,23.5700,23.5900,3777200
2007-12-27,24.2400,24.3200,24.0200,24.0900,3870600
2007-12-26,24.5800,24.6000,24.2100,24.4800,2472000
2007-12-24,24.1600,24.9600,24.1600,24.7600,1895100
2007-12-21,24.0500,24.4200,23.3900,24.4000,8384800
2007-12-20,23.8500,24.1000,23.0600,23.7500,5959600
2007-12-19,24.0300,24.2500,23.4900,23.7100,6365500
2007-12-18,24.1100,24.3300,23.5900,24.0700,5626900
2007-12-17,23.4900,24.4400,23.2400,23.8900,6009400
2007-12-14,24.0300,24.6200,23.9800,24.0000,5218700
2007-12-13,24.4800,24.5000,23.6900,24.4300,6983700
2007-12-12,26.0600,26.3500,24.1900,24.6500,8482100
2007-12-11,26.9900,27.5000,25.4200,25.4400,6292600
2007-12-10,26.4700,27.4200,26.4600,27.3400,3583300
2007-12-07,26.8700,27.2900,26.2800,26.4400,4299700
2007-12-06,26.1500,26.9000,26.0500,26.8700,4411600
2007-12-05,25.8900,26.7400,25.8900,26.4400,5082800
2007-12-04,25.8500,25.8600,25.3000,25.6000,3254600
2007-12-03,26.2400,26.6600,25.9000,25.9700,3681100
2007-11-30,26.0000,26.9100,26.0000,26.4300,6232500
2007-11-29,25.8600,25.8600,25.0000,25.4200,3883900
2007-11-28,25.5500,25.9500,24.5700,25.8900,6096400
2007-11-27,23.8100,24.9900,23.5000,24.5700,11206700
2007-11-26,24.3800,24.3800,22.9500,23.0100,4630500
2007-11-23,23.7200,24.3700,23.4900,24.2200,3036600
2007-11-21,23.2800,24.0900,23.0000,23.5200,6401100
2007-11-20,23.7200,24.2700,22.8400,23.5600,5993400
2007-11-19,24.3100,24.3100,23.3300,23.7700,6384300
2007-11-16,24.8000,25.2500,24.0000,24.3200,5587900
2007-11-15,25.4700,25.5700,24.5200,24.6800,4627700
2007-11-14,26.6000,26.8700,25.5000,25.5200,3450000
2007-11-13,25.3800,26.5600,25.3200,26.4900,4385900
2007-11-12,25.2600,26.0400,24.8500,25.2200,4336600
2007-11-09,24.3500,25.6000,24.0500,25.0300,5161600
2007-11-08,24.0500,24.7100,23.7500,24.6300,7229300
2007-11-07,25.2000,25.2000,23.9000,23.9300,5447500
2007-11-06,25.0600,25.5400,24.6600,25.4900,4040400
2007-11-05,25.1500,25.3500,24.7300,25.0600,4835000
2007-11-02,25.9600,26.0640,25.0000,25.2400,6557200
2007-11-01,26.7400,26.8400,25.7800,25.8400,5154400
2007-10-31,27.0400,27.2900,26.6400,27.1200,4687000
2007-10-30,26.8500,27.1500,26.8100,26.9400,2741000
2007-10-29,27.1800,27.2200,26.7300,26.9900,2502800
2007-10-26,26.7600,27.1100,26.2500,27.0200,4250600
2007-10-25,26.5100,26.8200,25.9100,26.4500,4444900
2007-10-24,26.5400,26.6500,25.7301,26.3000,5564500
2007-10-23,26.7500,27.3800,26.3800,26.6600,4345200
2007-10-22,26.1700,26.6900,26.0000,26.6600,6973900
2007-10-19,26.9700,27.2500,26.3700,26.4000,6834200
2007-10-18,27.8200,27.9100,26.9100,26.9400,6331500
2007-10-17,28.6500,28.7900,27.5100,28.0600,5782500
2007-10-16,28.9200,28.9500,28.2800,28.5300,4710300
2007-10-15,29.5400,29.7100,28.9200,29.1300,3525100
2007-10-12,29.8800,30.2300,29.4000,29.5600,3656000
2007-10-11,30.3800,30.5800,29.8500,29.9000,2834600
2007-10-10,30.8000,31.2600,30.1500,30.2600,2237700
2007-10-09,30.8700,31.0600,30.5200,30.9700,2202500
2007-10-08,31.0100,31.1100,30.7000,30.7900,1547700
2007-10-05,31.0400,31.2300,30.8200,31.0100,2382000
2007-10-04,30.8300,31.1700,30.6600,30.7400,1993400
2007-10-03,30.4300,30.8700,30.4000,30.7100,2471100
2007-10-02,30.4800,31.1800,30.3500,30.5600,2914000
2007-10-01,29.6200,30.3700,29.5600,30.3000,3472800
2007-09-28,29.9200,29.9200,29.3700,29.4800,2953600
2007-09-27,29.7500,29.9300,29.5754,29.9200,1714700
2007-09-26,29.7100,29.9400,29.2500,29.5700,2899100
2007-09-25,29.6900,30.2400,29.3800,29.4800,4766500
2007-09-24,30.4300,30.6400,29.8700,30.0600,3316100
2007-09-21,31.5500,31.6700,30.4400,30.5100,5367900
2007-09-20,32.1000,32.1500,31.2400,31.3900,3627000
2007-09-19,32.4800,32.6500,31.9100,32.0900,3498100
2007-09-18,30.9900,32.1800,30.5300,32.1400,4270100
2007-09-17,30.5800,30.9600,30.4000,30.8100,2302800
2007-09-14,30.6600,30.8300,30.3400,30.7600,2541100
2007-09-13,30.8500,31.1400,30.7000,30.8600,3006300
2007-09-12,30.6300,31.0000,30.4300,30.8000,2549500
2007-09-11,30.3800,31.0000,30.2900,30.8200,3041800
2007-09-10,30.6000,30.6700,29.8600,30.2600,3179100
2007-09-07,30.7900,30.7900,30.3200,30.4200,3054900
2007-09-06,30.6900,30.8900,30.3400,30.8200,2238000
2007-09-05,31.1300,31.2400,30.5800,30.7000,2737000
2007-09-04,31.2600,31.4300,31.0300,31.2800,2993300
2007-08-31,31.7100,31.9100,31.1100,31.3000,3785600
2007-08-30,31.2600,31.7300,30.9000,31.3000,3057000
2007-08-29,30.9700,31.5000,30.7800,31.4400,3400600
2007-08-28,31.6500,31.8000,30.8500,30.8800,3613200
2007-08-27,32.5000,32.5400,31.9500,32.0000,2252300
2007-08-24,32.5200,32.6800,32.2300,32.6800,3013400
2007-08-23,32.9500,33.1000,32.3000,32.6000,2904000
2007-08-22,32.9000,32.9600,32.1500,32.8000,3184500
2007-08-21,32.0300,32.8500,32.0300,32.4500,3814900
2007-08-20,32.0800,32.4800,31.7100,32.3200,6025100
2007-08-17,31.6700,33.5000,30.9200,32.0600,8377400
2007-08-16,28.9100,30.8300,28.9000,30.5300,7967900
2007-08-15,29.3500,30.1300,28.9700,29.0800,5052400
2007-08-14,30.4200,30.4300,29.4600,29.5100,5250100
2007-08-13,30.8500,31.0000,30.3500,30.4200,5190800
2007-08-10,29.8600,30.9200,29.7100,30.6900,6799600
2007-08-09,31.4600,31.4600,29.2100,30.0900,7377700
2007-08-08,31.2000,32.1300,30.8500,31.6900,5077200
2007-08-07,30.4100,31.3200,30.1700,31.0800,5411600
2007-08-06,29.1900,30.6700,28.9100,30.6400,6330700
2007-08-03,30.6000,30.6500,29.0500,29.0900,5265100
2007-08-02,30.6900,31.1000,30.2800,30.5600,4990400
2007-08-01,29.9500,30.6500,29.4500,30.6100,8251000
2007-07-31,30.8700,31.1300,30.0600,30.0700,5834000
2007-07-30,30.3000,30.9200,30.2300,30.8300,7702900
2007-07-27,31.0000,31.2600,30.2500,30.2800,6185200
2007-07-26,31.9400,31.9400,30.4800,31.0200,6859700
2007-07-25,31.9700,32.2400,31.4500,31.9600,4455600
2007-07-24,32.3400,32.4300,31.5400,31.6600,8867700
2007-07-23,32.6300,32.8800,32.3600,32.4700,2941800
2007-07-20,33.0500,33.1300,32.4700,32.6200,4604100
2007-07-19,33.4000,33.6500,32.8900,33.0800,4214700
2007-07-18,33.5300,33.5900,32.9100,33.2600,4286900
2007-07-17,34.1500,34.2000,33.5400,33.5700,4464700
2007-07-16,33.9000,34.4400,33.8700,34.2100,3311900
2007-07-13,33.9400,34.1000,33.7500,34.0500,2394100
2007-07-12,33.2000,33.9800,33.0200,33.9400,4648400
2007-07-11,33.0100,33.1500,32.7400,33.0200,2980000
2007-07-10,33.2900,33.5400,32.9000,32.9800,4324500
2007-07-09,33.8100,33.8200,33.4700,33.6000,2658200
2007-07-06,33.9800,33.9800,33.6100,33.7500,2100400
2007-07-05,34.0300,34.1000,33.6700,33.8800,2656700
2007-07-03,33.9200,34.4000,33.9200,34.0700,1576200
2007-07-02,33.5100,34.1200,33.1900,33.8900,3622500
2007-06-29,33.5900,33.7500,32.8700,33.1000,4107300
2007-06-28,33.6700,33.8100,33.2600,33.5500,2719200
2007-06-27,33.2700,33.6000,33.2000,33.5700,2963200
2007-06-26,33.4600,33.7150,33.3000,33.3400,4416100
2007-06-25,33.5500,33.8000,33.1500,33.2500,3982200
2007-06-22,33.9300,34.0200,33.4600,33.5200,5336600
2007-06-21,34.1400,34.3400,33.8100,34.1000,3350300
2007-06-20,34.5100,34.6000,34.0800,34.1400,3824800
2007-06-19,34.3500,34.4700,34.2600,34.3800,3210100
2007-06-18,34.6000,34.6900,34.3600,34.3900,2629000
2007-06-15,34.2100,34.6500,34.2100,34.5000,6378700
2007-06-14,34.0900,34.2500,33.9800,34.1800,2758400
2007-06-13,34.0500,34.3800,33.9200,34.3400,3858300
2007-06-12,34.5000,34.5400,33.9800,33.9800,3457000
2007-06-11,34.3700,34.6300,34.2200,34.5400,2550900
2007-06-08,34.3300,34.6600,34.1400,34.5000,3540200
2007-06-07,34.9200,34.9500,34.3700,34.4000,3532500
2007-06-06,35.2900,35.3100,34.9000,34.9500,2245100
2007-06-05,35.6300,35.7000,35.2400,35.2900,2882200
2007-06-04,35.9100,35.9100,35.6000,35.6900,2184500
2007-06-01,35.8726,36.0500,35.6600,35.9100,2470200
2007-05-31,35.7000,35.8900,35.3000,35.6700,4170200
2007-05-30,35.6400,35.7800,35.3600,35.6500,2541400
2007-05-29,35.9400,36.0000,35.5700,35.7000,2173200
2007-05-25,35.6600,35.8900,35.4400,35.8900,2647400
2007-05-24,35.6600,35.8700,35.4200,35.5200,2840100
2007-05-23,36.0100,36.1200,35.6400,35.6600,3427800
2007-05-22,36.2200,36.2800,35.9300,35.9800,2667200
2007-05-21,36.3900,36.4900,36.1400,36.2800,2374300
2007-05-18,36.4400,36.6600,36.3500,36.4900,2592400
2007-05-17,36.2500,36.3500,36.1400,36.2500,1838000
2007-05-16,35.9900,36.3300,35.9500,36.3300,1919600
2007-05-15,35.9500,36.3900,35.8500,35.9500,2364700
2007-05-14,36.1000,36.2000,35.7100,35.8500,2067900
2007-05-11,35.8400,36.1900,35.8000,36.1800,1933800
2007-05-10,36.0000,36.0600,35.7300,35.7300,2540700
2007-05-09,35.6900,36.2400,35.6100,36.2000,2488600
2007-05-08,35.7700,36.2500,35.7300,35.7600,2945900
2007-05-07,35.7700,36.3100,35.1900,36.0800,2217700
2007-05-04,35.9900,36.0900,35.7100,35.8700,2193500
2007-05-03,35.1400,35.8700,35.0100,35.8300,3022900
2007-05-02,35.1900,35.1900,34.8600,35.0100,2222300
2007-05-01,35.1500,35.3500,34.8500,35.0900,2116400
2007-04-30,35.4900,35.4900,35.0500,35.0900,2532000
2007-04-27,35.3500,35.4400,35.1800,35.3300,2670100
2007-04-26,35.4000,35.5800,35.1500,35.4000,3175200
2007-04-25,35.0700,35.6000,35.0300,35.4900,2673700
2007-04-24,35.1800,35.3400,34.9300,35.0700,2050300
2007-04-23,35.5300,35.6900,35.1400,35.2900,1851200
2007-04-20,35.0100,35.6000,34.7900,35.5300,4204300
2007-04-19,34.9000,35.2000,34.7900,34.9300,2947800
2007-04-18,34.4900,35.1400,34.4900,35.0200,3975300
2007-04-17,34.6400,35.0000,34.1500,34.2300,3762300
2007-04-16,34.2700,34.9500,34.2500,34.6000,4832800
2007-04-13,34.3000,34.7400,34.0500,34.6800,2400700
2007-04-12,34.3500,34.4000,34.1500,34.3300,2401600
2007-04-11,34.9500,34.9500,34.3200,34.3700,2333900
2007-04-10,34.8800,35.0000,34.6700,34.8200,2980700
2007-04-09,35.2200,35.2400,34.6800,34.7400,3041200
2007-04-05,35.3300,35.3900,35.0700,35.2800,1955600
2007-04-04,35.4500,35.4600,35.0700,35.3000,2584500
2007-04-03,34.9800,35.3800,34.8900,35.3300,2299500
2007-04-02,35.2900,35.3200,34.5200,34.7500,3395500
2007-03-30,35.7500,35.7800,34.9800,35.3700,2634600
2007-03-29,35.3800,35.6500,35.1100,35.5800,2742300
2007-03-28,35.5600,35.5600,34.9500,34.9500,2759700
2007-03-27,35.8600,36.0000,35.6100,35.7400,1501700
2007-03-26,36.1900,36.1900,35.6000,36.0500,1570400
2007-03-23,36.1900,36.4000,35.9400,36.1300,1568600
2007-03-22,36.1900,36.2800,35.8600,36.1500,2588700
2007-03-21,35.3200,36.4200,35.1000,36.3100,3046500
2007-03-20,34.9100,35.3900,34.8300,35.3800,1757300
2007-03-19,34.5900,35.1100,34.5900,34.9900,1855900
2007-03-16,34.7500,34.9600,34.4400,34.5500,3159500
2007-03-15,34.4000,34.8400,34.3500,34.6300,2027500
2007-03-14,34.5000,34.8400,33.8302,34.4100,4069000
2007-03-13,35.4400,35.4500,34.3000,34.3900,7451600
2007-03-12,35.4800,35.6900,35.2300,35.6500,1967000
2007-03-09,35.5500,35.7100,35.3500,35.6000,1731900
2007-03-08,35.3600,35.6600,35.1000,35.4000,1743200
2007-03-07,35.4700,35.6000,35.0900,35.1300,2317500
2007-03-06,35.0300,35.7000,34.8600,35.6500,2976400
2007-03-05,35.1500,35.3500,34.6800,34.6800,3611500
2007-03-02,35.5900,35.6400,35.2000,35.3500,3043000
2007-03-01,35.3200,35.7900,34.4900,35.6400,2776600
2007-02-28,35.6500,36.0300,35.5000,35.8200,3269100
2007-02-27,36.6700,36.6700,35.3100,35.5100,2970800
2007-02-26,37.0600,37.1200,36.4800,36.6700,2454400
2007-02-23,37.4900,37.4900,36.8700,37.0500,1572600
2007-02-22,37.3500,37.4400,37.2200,37.4400,2350400
2007-02-21,37.5500,37.5700,37.0900,37.2500,2299300
2007-02-20,37.4900,37.6100,37.0700,37.5800,1883200
2007-02-16,37.1400,37.4700,37.1400,37.4100,2355400
2007-02-15,37.1700,37.3500,37.1400,37.2500,1608600
2007-02-14,37.3000,37.4900,37.1000,37.3500,1370400
2007-02-13,37.2000,37.3300,36.9900,37.3300,1382000
2007-02-12,37.0900,37.1400,36.8700,37.0700,2037300
2007-02-09,37.3700,37.4500,37.0400,37.0900,2863400
2007-02-08,37.1400,37.4300,36.9300,37.3800,3332900
2007-02-07,37.1800,37.3000,37.0000,37.2700,1794400
2007-02-06,36.8500,37.1700,36.7500,37.0800,2036300
2007-02-05,36.5100,36.9100,36.4100,36.7800,2537600
2007-02-02,36.3800,36.5200,36.2200,36.4500,1741100
2007-02-01,36.3600,36.4000,36.1000,36.2100,3087600
2007-01-31,36.2200,36.4000,35.9700,36.2600,2347800
2007-01-30,36.3900,36.4000,36.1000,36.2000,1962700
2007-01-29,36.0800,36.3100,36.0000,36.3000,2205500
2007-01-26,36.0000,36.2100,35.9000,36.1300,2031400
2007-01-25,36.1500,36.2700,35.9200,36.0300,2514300
2007-01-24,35.8700,36.2200,35.8600,36.2200,2688900
2007-01-23,36.0000,36.1900,35.7600,35.9500,3841500
2007-01-22,36.3500,36.4500,35.9500,36.2500,2856100
2007-01-19,36.9500,37.2200,36.3400,36.4700,3494900
2007-01-18,36.8200,37.3500,36.7000,37.2300,3138900
2007-01-17,36.9400,36.9400,36.3000,36.7100,2099400
2007-01-16,37.1500,37.1500,36.7000,36.9000,1854700
2007-01-12,37.0900,37.1900,36.8000,37.0600,1601900
2007-01-11,37.3700,37.4700,37.0600,37.2900,1878200
2007-01-10,37.0500,37.2500,36.8900,37.1700,2232000
2007-01-09,37.0500,37.1700,36.6300,37.0600,2328800
2007-01-08,37.1100,37.1300,36.6000,36.9500,1995700
2007-01-05,37.8200,37.8200,36.9600,37.1900,2779200
2007-01-04,38.0000,38.0000,37.6300,37.8400,4770900
2007-01-03,37.8000,38.1700,37.5500,38.0200,4077400
2006-12-29,37.6600,37.7400,37.3000,37.4000,1392200
2006-12-28,37.8500,37.9300,37.5400,37.6100,654100
2006-12-27,37.5500,37.9900,37.5500,37.8500,2073800
2006-12-26,37.2800,37.5700,37.2500,37.5400,999100
2006-12-22,37.3100,37.3400,37.1000,37.2300,1350800
2006-12-21,37.0600,37.2500,37.0600,37.2100,1462100
2006-12-20,37.0200,37.1700,36.9800,37.1200,1310500
2006-12-19,37.1700,37.3300,36.9300,37.1400,2286800
2006-12-18,37.3100,37.4900,37.2000,37.4500,1680600
2006-12-15,37.4200,37.4800,37.1500,37.2800,4518400
2006-12-14,37.1400,37.3900,36.9700,37.3700,1938000
2006-12-13,37.0500,37.1100,36.8200,37.0500,2405400
2006-12-12,36.5500,36.7700,36.4700,36.7200,2637100
2006-12-11,36.6000,36.8400,36.4500,36.4900,2258300
2006-12-08,36.7300,36.7300,36.4000,36.7100,1482400
2006-12-07,36.7700,36.9700,36.6200,36.7000,1394300
2006-12-06,36.8900,36.9800,36.6100,36.7600,1356700
2006-12-05,36.9700,36.9900,36.6200,36.8100,1844500
2006-12-04,36.7600,37.0000,36.6000,36.8500,2954100
2006-12-01,36.8300,36.9900,36.5500,36.7700,3862700
2006-11-30,36.9500,36.9500,36.4300,36.6500,1879900
2006-11-29,36.7800,36.9100,36.5800,36.8600,2422300
2006-11-28,36.4400,36.6300,36.3000,36.5600,3070000
2006-11-27,36.7200,36.7400,36.2500,36.3300,3175000
2006-11-24,36.5200,36.9400,36.4500,36.7900,969300
2006-11-22,36.6400,36.8600,36.4700,36.8000,2732700
2006-11-21,37.0100,37.0500,36.4400,36.5400,2312800
2006-11-20,36.3400,37.0400,36.3400,37.0100,1734700
2006-11-17,36.8400,37.0300,36.6300,37.0300,2567300
2006-11-16,37.0600,37.2500,36.9200,37.0600,2896200
2006-11-15,36.8600,37.0300,36.5900,36.7200,2575400
2006-11-14,37.1500,37.1600,36.2700,36.9900,3750400
2006-11-13,37.3500,37.4000,36.9800,37.0200,2118000
2006-11-10,37.3000,37.3000,37.0000,37.2900,2205900
2006-11-09,37.4700,37.5200,37.1300,37.2100,3060600
2006-11-08,37.6300,37.8300,37.3300,37.3500,2806300
2006-11-07,37.6000,37.6800,37.4000,37.6200,1929600
2006-11-06,37.2500,37.8000,37.2000,37.6600,1918600
2006-11-03,37.6200,37.6200,37.1400,37.1400,4455600
2006-11-02,37.6500,37.6505,37.2400,37.3600,1498900
2006-11-01,38.0000,38.1600,37.7500,37.7700,1192200
2006-10-31,37.9500,38.0800,37.8400,37.9500,1631200
2006-10-30,37.7900,37.9700,37.7000,37.8800,1697500
2006-10-27,38.1000,38.1200,37.8500,37.9400,1487100
2006-10-26,38.0600,38.1600,37.8400,38.1300,1031700
2006-10-25,38.0900,38.1800,37.7700,37.9800,1293400
2006-10-24,37.9000,38.1100,37.8800,38.0800,1670700
2006-10-23,37.8000,38.0700,37.7400,38.0100,1746500
2006-10-20,38.2000,38.2000,37.8300,37.9400,1564900
2006-10-19,38.2300,38.2400,37.8200,38.0600,1829600
2006-10-18,38.5000,38.6000,38.0100,38.3500,2527100
2006-10-17,38.3500,38.7900,38.3200,38.6800,2591600
2006-10-16,38.8500,38.8800,38.3800,38.6500,2982200
2006-10-13,38.8000,39.1500,38.4300,38.8700,4765500
2006-10-12,37.8900,38.0100,37.7500,38.0000,2110600
2006-10-11,37.5400,37.8700,37.4400,37.8700,2036900
2006-10-10,37.7200,37.7800,37.5800,37.7400,1740100
2006-10-09,37.8000,37.8000,37.5600,37.7200,1957900
2006-10-06,37.7600,37.8900,37.4300,37.8800,1652200
2006-10-05,37.4600,37.8900,37.3000,37.8100,2635200
2006-10-04,36.8200,37.5000,36.8200,37.4600,2429500
2006-10-03,36.7000,37.2900,36.7000,36.9500,2709200
2006-10-02,36.8800,37.0000,36.4900,36.7300,1519500
2006-09-29,37.2500,37.2500,36.7400,36.7900,1580600
2006-09-28,37.0000,37.2100,36.8300,37.1100,1157500
2006-09-27,37.0300,37.1800,36.8500,37.0200,1645800
2006-09-26,36.5500,37.0300,36.2900,37.0300,2482300
2006-09-25,36.5000,36.5400,36.1000,36.4900,2267400
2006-09-22,36.5400,36.5400,36.1300,36.2600,1287500
2006-09-21,36.7400,36.7400,36.1900,36.4300,1350600
2006-09-20,36.5400,36.8700,36.4500,36.6800,1619500
2006-09-19,36.5500,36.5900,36.3000,36.4900,1090800
2006-09-18,36.9000,36.9000,36.4400,36.6300,1334300
2006-09-15,36.9200,37.0000,36.7600,36.9900,1624200
2006-09-14,36.6500,36.9000,36.5900,36.8200,1602400
2006-09-13,36.3500,36.7800,36.2800,36.6400,1994000
2006-09-12,36.2900,36.4600,35.9700,36.3900,1905400
2006-09-11,36.0800,36.2900,35.8700,36.1300,1706800
2006-09-08,36.2500,36.2700,35.8500,36.1500,1490200
2006-09-07,36.2900,36.3000,35.9700,36.0700,1241100
2006-09-06,36.1000,36.6400,36.0700,36.3000,2283800
2006-09-05,36.0500,36.3300,35.8500,36.2500,1611000
2006-09-01,35.9800,36.1900,35.9400,36.1300,1546400
2006-08-31,36.2200,36.2200,35.8800,35.9900,1217700
2006-08-30,36.1000,36.2300,35.8200,36.1100,1177900
2006-08-29,36.4600,36.4600,36.0300,36.1300,1747900
2006-08-28,36.5000,36.7100,36.3300,36.4000,2227700
2006-08-25,36.8400,36.9000,36.6600,36.6800,1394800
2006-08-24,36.7800,37.0500,36.7000,37.0400,2234600
2006-08-23,36.9300,36.9300,36.6000,36.8100,2054600
2006-08-22,36.7500,36.9500,36.6400,36.9000,1600900
2006-08-21,36.6200,36.7500,36.5000,36.6400,1079100
2006-08-18,37.0000,37.0000,36.6200,36.7200,1399300
2006-08-17,36.8100,36.8900,36.4400,36.8600,1702600
2006-08-16,37.0000,37.0000,36.5900,36.7900,1191000
2006-08-15,36.5100,36.9000,36.3400,36.7700,1898200
2006-08-14,36.8000,36.8000,35.9200,36.0600,1865800
2006-08-11,36.2500,36.5500,36.1500,36.4500,1186700
2006-08-10,36.2500,36.6700,36.1000,36.5500,1856200
2006-08-09,36.8000,36.9000,36.2100,36.2500,1574900
2006-08-08,37.0000,37.1500,36.3800,36.3900,1709900
2006-08-07,37.0000,37.0000,36.7300,36.8300,1299900
2006-08-04,36.9200,37.3600,36.8300,37.0400,2132300
2006-08-03,36.7100,36.8700,36.5600,36.8400,2160800
2006-08-02,36.6300,36.7400,36.4100,36.7400,1518700
2006-08-01,36.3700,36.6400,36.0700,36.5800,1939400
2006-07-31,36.2500,36.4900,35.9500,36.2900,2231000
2006-07-28,36.3200,36.7300,36.1300,36.5700,1974100
2006-07-27,36.8500,36.8500,36.1800,36.2700,2173200
2006-07-26,36.1800,36.8600,36.1200,36.7700,2472300
2006-07-25,36.1800,36.2500,35.9400,36.2300,1808200
2006-07-24,35.9200,36.3100,35.8800,36.2800,1692600
2006-07-21,35.3000,36.1500,35.3000,35.8200,2470800
2006-07-20,36.2600,36.2600,35.8800,35.9200,2131000
2006-07-19,35.6000,36.2600,35.5800,36.2300,3140400
2006-07-18,35.4500,35.7200,35.2400,35.4800,3343700
2006-07-17,34.1700,35.5100,34.1200,35.4200,5717700
2006-07-14,33.9000,34.1500,33.2700,34.1300,6409000
2006-07-13,32.6800,32.8700,32.3700,32.4500,1413700
2006-07-12,33.5000,33.5000,32.6700,32.7300,1118300
2006-07-11,33.3000,33.5000,33.0100,33.4800,923300
2006-07-10,33.3300,33.4800,33.2600,33.3500,893100
2006-07-07,33.2200,33.6000,33.1000,33.2800,1143600
2006-07-06,33.1800,33.2300,33.0600,33.2200,1136800
2006-07-05,33.4300,33.4900,33.0700,33.1800,1345400
2006-07-03,33.3500,33.6300,33.1400,33.6000,988700
2006-06-30,33.4800,33.4800,33.1000,33.1200,1440600
2006-06-29,32.9300,33.3900,32.8000,33.3300,1548800
2006-06-28,32.9000,33.0500,32.7500,32.9300,1049800
2006-06-27,33.0600,33.1500,32.6600,32.6900,825200
2006-06-26,32.9500,33.0500,32.7800,33.0400,947600
2006-06-23,33.1300,33.1793,32.7400,32.8900,1241700
2006-06-22,33.4300,33.5400,33.2200,33.3700,926500
2006-06-21,33.5000,33.7600,33.4500,33.5300,881700
2006-06-20,33.6200,33.8800,33.4900,33.5900,1395300
2006-06-19,33.8000,33.9400,33.4900,33.5400,1766600
2006-06-16,33.7300,33.8700,33.6300,33.7700,1579700
2006-06-15,33.3200,33.7700,33.1900,33.7700,1112100
2006-06-14,33.5800,33.8400,32.8200,33.2700,1806300
2006-06-13,33.9200,34.1100,33.5900,33.6600,1492400
2006-06-12,33.9500,34.2400,33.8500,33.9200,979800
2006-06-09,34.0000,34.3200,33.8300,34.2300,1105200
2006-06-08,33.8900,34.1500,33.6100,34.0700,1466500
2006-06-07,33.9700,34.2700,33.8300,34.0000,1615300
2006-06-06,34.0000,34.0000,33.6200,33.8300,2568900
2006-06-05,34.2800,34.3400,33.9300,33.9400,1605400
2006-06-02,34.3500,34.5000,34.2500,34.3400,2441300
2006-06-01,33.9000,34.3600,33.8700,34.3100,2661200
2006-05-31,33.9800,34.0600,33.4000,33.8500,3218700
2006-05-30,34.2600,34.3800,33.7800,33.7800,2107600
2006-05-26,34.5000,34.7900,34.1800,34.3800,2646900
2006-05-25,36.6000,36.6000,34.3500,34.4400,7443900
2006-05-24,35.6000,35.9100,35.1800,35.5300,2104500
2006-05-23,35.8500,35.9700,35.6200,35.6500,1197900
2006-05-22,35.7000,36.0300,35.5700,35.7800,1084000
2006-05-19,35.9500,36.0000,35.6700,35.7600,1449800
2006-05-18,35.3800,36.0200,35.3800,35.5700,1346800
2006-05-17,35.9000,36.1700,35.8000,35.8800,2228500
2006-05-16,36.3500,36.3500,35.9400,36.1700,1088100
2006-05-15,35.8500,36.3300,35.6000,36.1300,1869800
2006-05-12,35.8900,36.0700,35.6200,35.6800,898600
2006-05-11,36.2000,36.2400,35.6400,35.8700,907000
2006-05-10,36.4400,36.5300,36.1800,36.3500,643200
2006-05-09,36.4500,36.5900,36.4200,36.4900,661800
2006-05-08,36.3500,36.6600,36.3500,36.4200,802900
2006-05-05,36.2800,36.4700,36.2300,36.3400,1022200
2006-05-04,36.2000,36.2700,36.0900,36.0900,755300
2006-05-03,35.8800,35.9800,35.6440,35.9500,861800
2006-05-02,35.9800,36.1600,35.8200,35.9900,863300
2006-05-01,36.4500,36.6200,35.8800,35.9800,1286300
2006-04-28,35.9800,36.6200,35.9700,36.5100,1497800
2006-04-27,35.2500,36.2800,35.2500,36.1000,1227000
2006-04-26,35.6500,35.9500,35.6500,35.8600,1425800
2006-04-25,35.6900,35.7000,35.2800,35.4900,949100
2006-04-24,35.6700,35.8200,35.4300,35.6800,1067500
2006-04-21,35.5500,35.7800,35.5200,35.7100,1280300
2006-04-20,35.3700,35.7500,35.3300,35.6000,1536000
2006-04-19,35.8000,35.8900,35.4600,35.5700,1373500
2006-04-18,35.0000,35.9300,34.8600,35.8500,1978500
2006-04-17,35.4300,35.9000,35.2800,35.5800,1879900
2006-04-13,35.1100,35.4300,35.0600,35.3600,1100900
2006-04-12,35.0400,35.2700,34.8600,35.2100,1033100
2006-04-11,35.5100,35.5300,34.9300,35.0600,1297200
2006-04-10,34.9000,35.5200,34.9000,35.4600,1260300
2006-04-07,35.2500,35.4500,34.8100,34.8600,1342000
2006-04-06,35.1500,35.1900,34.8600,35.1600,1314100
2006-04-05,35.6500,35.6600,35.1300,35.2500,1172000
2006-04-04,35.2000,35.7000,35.1500,35.5400,1168700
2006-04-03,35.4200,35.6100,35.1500,35.1600,1342100
2006-03-31,35.1700,35.4500,35.1200,35.1700,1166400
2006-03-30,35.4200,35.5800,35.0400,35.1200,1472700
2006-03-29,35.6300,35.6300,35.2000,35.4700,999900
2006-03-28,35.7100,35.8200,35.3600,35.5000,887100
2006-03-27,35.7900,35.8900,35.7200,35.7800,603200
2006-03-24,35.7900,35.9400,35.6700,35.8800,570400
2006-03-23,36.1200,36.1200,35.8100,35.9500,879900
2006-03-22,36.1900,36.1900,35.8700,36.1200,1190400
2006-03-21,36.0500,36.2100,35.9500,36.1300,1742600
2006-03-20,36.1500,36.3200,35.9500,36.3100,1505100
2006-03-17,36.0500,36.1200,35.8900,36.0200,1908100
2006-03-16,35.9200,36.0000,35.7000,35.9000,1274300
2006-03-15,35.5000,35.9000,35.3100,35.7400,1183600
2006-03-14,35.1000,35.6200,35.0000,35.5600,1108900
2006-03-13,35.0100,35.2000,34.9700,35.1000,1530700
2006-03-10,34.5000,35.0000,34.4600,34.9000,730100
2006-03-09,34.7500,34.8900,34.4800,34.5100,866300
2006-03-08,34.4400,34.9000,34.3600,34.7700,869100
2006-03-07,34.2400,34.5900,34.1600,34.5500,650100
2006-03-06,34.4500,34.5000,34.0100,34.2900,897400
2006-03-03,34.4100,34.7400,34.3600,34.4300,814200
2006-03-02,34.4500,34.7600,34.4000,34.6300,938400
2006-03-01,34.7900,35.0000,34.7500,34.9500,834300
2006-02-28,35.0500,35.2300,34.6000,34.7800,1392300
2006-02-27,35.1800,35.4400,35.0500,35.2500,656800
2006-02-24,34.9200,35.2000,34.7700,35.0800,819500
2006-02-23,35.2000,35.2400,34.9300,34.9300,1080200
2006-02-22,34.7000,35.2400,34.6900,35.2100,1363900
2006-02-21,34.9500,35.0000,34.5700,34.6100,1203800
2006-02-17,34.9000,34.9300,34.7500,34.8700,830400
2006-02-16,34.8000,34.8900,34.5200,34.8900,923100
2006-02-15,34.3000,34.7400,34.2700,34.5600,1597900
2006-02-14,33.8000,34.5400,33.7800,34.3700,1000600
2006-02-13,33.8200,33.8900,33.6660,33.8000,645200
2006-02-10,33.5700,33.9400,33.3000,33.8200,946100
2006-02-09,33.4400,33.7700,33.2500,33.5500,850900
2006-02-08,33.0900,33.4600,32.9900,33.4400,756600
2006-02-07,33.2500,33.3800,32.8900,33.1300,1255700
2006-02-06,33.0600,33.4200,33.0200,33.2900,768200
2006-02-03,33.1000,33.4300,33.0700,33.1300,907600
2006-02-02,33.4500,33.5200,33.2000,33.3600,1039500
2006-02-01,32.9800,33.5400,32.9800,33.5100,1610800
2006-01-31,33.3500,33.5500,33.1800,33.1800,1855700
2006-01-30,33.7200,33.8200,33.3500,33.3900,1210400
2006-01-27,33.8200,34.2900,33.6200,33.7500,1295600
2006-01-26,33.9000,33.9700,33.6800,33.9000,1241300
2006-01-25,33.6200,33.7000,33.3700,33.5500,1183700
2006-01-24,33.5500,33.7300,33.5300,33.5900,1429700
2006-01-23,33.6000,33.8000,33.5000,33.5400,1457200
2006-01-20,34.9400,34.9600,33.6300,33.6300,2069400
2006-01-19,34.6100,35.1500,34.3700,34.8700,2337200
2006-01-18,34.3000,34.6800,34.2400,34.4700,1176900
2006-01-17,34.4800,34.4900,34.2050,34.3800,939100
2006-01-13,34.3400,34.7100,34.2200,34.7100,1155000
2006-01-12,34.7500,34.7500,34.1400,34.2400,1355900
2006-01-11,34.0200,34.9000,34.0100,34.7600,1911700
2006-01-10,34.9200,35.1500,34.8400,35.0600,1148700
2006-01-09,34.9100,35.1600,34.7200,35.1200,1258500
2006-01-06,34.9500,34.9600,34.6100,34.9100,998700
2006-01-05,34.6200,34.9300,34.5500,34.8700,1638100
2006-01-04,34.4200,34.6100,34.3500,34.5500,824100
2006-01-03,34.2000,34.5400,33.7000,34.4900,1584300
2005-12-30,34.1200,34.3300,33.8800,34.1600,1163000
2005-12-29,34.5000,34.6700,34.2600,34.3300,664400
2005-12-28,34.4700,34.6900,34.4600,34.5200,622100
2005-12-27,34.7800,35.0000,34.5500,34.5500,587700
2005-12-23,34.8000,34.9300,34.7800,34.8500,487400
2005-12-22,34.8900,34.9000,34.6300,34.7200,1617100
2005-12-21,34.7600,35.0000,34.6200,34.7300,867700
2005-12-20,34.5400,34.8300,34.4800,34.6900,757100
2005-12-19,34.8600,34.8700,34.5100,34.5800,815600
2005-12-16,34.6500,35.0100,34.4900,34.9400,2400600
2005-12-15,34.4200,34.4400,34.0700,34.3000,870900
2005-12-14,34.0000,34.4300,33.9900,34.3600,896100
2005-12-13,33.6700,34.3400,33.5800,34.1900,717900
2005-12-12,33.9000,33.9800,33.5200,33.7200,595500
2005-12-09,33.5500,34.1000,33.5500,33.8000,857200
2005-12-08,33.4800,33.7200,33.2500,33.4600,786800
2005-12-07,33.9500,33.9500,33.2500,33.5200,956500
2005-12-06,33.8800,34.2100,33.8300,33.9000,964600
2005-12-05,34.0800,34.1700,33.7000,33.8800,669400
2005-12-02,34.0800,34.3500,34.0700,34.2700,1015900
2005-12-01,33.8400,34.2100,33.7900,34.2000,1223300
2005-11-30,34.0300,34.1900,33.6300,33.6900,1073600
2005-11-29,34.4800,34.5700,34.0900,34.1300,1117000
2005-11-28,34.3500,34.5000,34.2300,34.3300,791300
2005-11-25,34.3300,34.4100,34.1200,34.3700,301000
2005-11-23,33.8600,34.3200,33.8600,34.2100,784400
2005-11-22,33.9000,34.2000,33.7700,34.1400,1090100
2005-11-21,33.9000,34.2300,33.8500,34.1500,844000
2005-11-18,34.3000,34.3000,33.7800,33.9600,1265200
2005-11-17,33.4000,34.0000,33.3500,33.9200,832600
2005-11-16,33.7000,33.7400,33.1900,33.4600,734800
2005-11-15,33.9100,34.0000,33.4500,33.5100,1527100
2005-11-14,33.9400,33.9400,33.5900,33.8200,602000
2005-11-11,33.9200,34.0000,33.5200,34.0000,662000
2005-11-10,33.4700,33.9500,33.4000,33.8100,1294200
2005-11-09,33.4300,33.6000,33.3100,33.4300,880100
2005-11-08,33.1200,33.4300,33.1200,33.3700,954700
2005-11-07,32.9900,33.4800,32.9000,33.4200,1131700
2005-11-04,32.7900,33.0300,32.5500,32.8900,1424900
2005-11-03,33.1000,33.1200,32.5800,32.7300,1294000
2005-11-02,32.5200,33.0400,32.5200,33.0000,1218800
2005-11-01,32.5700,32.6800,32.4200,32.5500,973500
2005-10-31,32.5800,32.8400,32.4100,32.5500,1391800
2005-10-28,32.1000,32.5000,32.1000,32.4300,1302000
2005-10-27,32.1600,32.3900,32.0400,32.1800,1288400
2005-10-26,32.3300,32.7700,32.2000,32.3100,894800
2005-10-25,32.6000,32.7500,32.0600,32.3200,1165600
2005-10-24,31.9900,32.9900,31.9600,32.8000,1536500
2005-10-21,31.8500,31.9500,31.2200,31.8200,1576900
2005-10-20,31.6800,31.9900,31.2200,31.4900,1296800
2005-10-19,30.8900,31.6500,30.6200,31.6400,1709100
2005-10-18,31.2700,31.3700,30.8300,30.8900,2134300
2005-10-17,31.5000,32.0600,31.0900,31.4100,2357200
2005-10-14,31.0000,31.9400,30.9100,31.9300,3779600
2005-10-13,29.4700,29.9000,29.1600,29.8300,1474200
2005-10-12,29.5600,30.0500,29.3500,29.5700,953700
2005-10-11,29.7500,29.9100,29.4600,29.5900,1149800
2005-10-10,30.2500,30.4000,29.8000,29.8200,809400
2005-10-07,30.0000,30.3100,29.9700,30.3000,1118500
2005-10-06,30.0300,30.2400,29.4000,30.1000,1251200
2005-10-05,30.1200,30.4100,30.0300,30.0800,1171700
2005-10-04,31.0400,31.2000,30.1500,30.2300,1093700
2005-10-03,30.9000,31.1600,30.6600,31.0400,1409600
2005-09-30,31.2100,31.2700,30.8500,31.1200,1155800
2005-09-29,30.8200,31.2800,30.4400,31.2700,1511500
2005-09-28,31.2600,31.3500,30.6900,30.9700,967100
2005-09-27,31.3600,31.4800,30.9600,31.1900,1017900
2005-09-26,31.7600,31.9300,31.2700,31.3200,773800
2005-09-23,31.6200,31.9000,31.3200,31.7600,811400
2005-09-22,31.4300,31.7400,31.1500,31.5600,938600
2005-09-21,32.0000,32.0100,31.4500,31.5700,995900
2005-09-20,32.1900,32.6400,32.0300,32.1100,1106700
2005-09-19,32.5000,32.5000,32.0600,32.1600,868900
2005-09-16,32.5000,32.6500,32.1500,32.6500,2072600
2005-09-15,32.0000,32.2200,31.8400,32.2200,1119400
2005-09-14,32.1900,32.1900,31.6900,32.0400,1314900
2005-09-13,32.4900,32.4900,32.1100,32.1800,911200
2005-09-12,32.4500,32.6800,32.4400,32.5300,739200
2005-09-09,32.4500,32.7400,32.3900,32.5600,785700
2005-09-08,32.4700,32.5800,32.2100,32.3100,1156300
2005-09-07,32.6600,32.7500,32.3100,32.6700,889300
2005-09-06,32.6800,33.0000,32.4000,32.8000,764400
2005-09-02,32.5000,32.6700,32.3400,32.5300,940700
2005-09-01,32.6500,32.7700,32.3300,32.4100,2445700
2005-08-31,32.6700,32.7200,32.1600,32.7200,1700000
2005-08-30,32.4900,32.7700,32.3200,32.7300,1269000
2005-08-29,32.0200,32.5500,31.9500,32.4400,996700
2005-08-26,32.6400,32.6700,32.0800,32.1700,1078800
2005-08-25,32.5800,32.7400,32.4900,32.7100,734200
2005-08-24,32.8300,33.0400,32.6300,32.6400,721900
2005-08-23,33.2700,33.3000,32.8500,32.8800,792700
2005-08-22,33.1000,33.3900,33.0800,33.2800,905100
2005-08-19,33.1500,33.1900,32.9600,33.0800,650800
2005-08-18,33.0000,33.0300,32.7900,32.9400,558500
2005-08-17,32.8400,33.2100,32.8100,33.0600,592400
2005-08-16,33.4100,33.4800,32.9500,32.9600,850200
2005-08-15,33.2100,33.4700,32.8800,33.3600,1655000
2005-08-12,33.4400,33.4800,33.0100,33.1600,662200
2005-08-11,33.3300,33.4800,33.0500,33.4400,873700
2005-08-10,33.3700,33.6700,33.1500,33.2200,880300
2005-08-09,33.0700,33.2900,32.9800,33.1700,739800
2005-08-08,33.0000,33.1300,32.9200,32.9500,465200
2005-08-05,33.2400,33.3300,32.7600,32.9000,837900
2005-08-04,33.6600,33.7300,33.3200,33.4100,643200
2005-08-03,33.6300,33.8700,33.5700,33.8000,943300
2005-08-02,33.7400,33.8400,33.5900,33.7900,787900
2005-08-01,33.7200,33.8000,33.5500,33.6300,924600
2005-07-29,33.9600,34.0500,33.5700,33.6400,1104000
2005-07-28,34.1400,34.3700,33.9100,34.0300,989400
2005-07-27,34.3900,34.4300,34.1800,34.2400,950300
2005-07-26,34.2500,34.4600,34.1000,34.3300,837100
2005-07-25,34.2600,34.4400,34.2000,34.2000,1866100
2005-07-22,34.5600,34.5600,34.2200,34.2500,1547800
2005-07-21,34.6400,34.7000,34.3800,34.4600,715700
2005-07-20,34.4100,34.8900,34.3200,34.6700,1787200
2005-07-19,34.2600,34.5600,34.2500,34.5600,1016900
2005-07-18,34.3500,34.5600,34.1000,34.2600,1196000
2005-07-15,35.2300,35.3800,34.5700,34.7900,1962800
2005-07-14,35.3700,35.4700,35.1600,35.3100,1063800
2005-07-13,35.0000,35.5400,35.0000,35.1500,1333200
2005-07-12,34.8000,35.1300,34.7300,35.0000,1373500
2005-07-11,34.6000,34.8600,34.4900,34.8600,1065300
2005-07-08,34.1400,34.6800,33.9800,34.5800,1195000
2005-07-07,33.6300,34.1600,33.4800,34.1600,829900
2005-07-06,34.4000,34.5000,34.0400,34.0500,566800
2005-07-05,34.1500,34.5500,34.0500,34.5000,618200
2005-07-01,34.0200,34.2600,33.8700,34.1100,729200
2005-06-30,34.3300,34.5000,33.8800,33.8800,1203000
2005-06-29,34.3300,34.4900,34.2400,34.3000,568500
2005-06-28,34.0700,34.3300,34.0200,34.2600,791000
2005-06-27,33.7000,34.0500,33.7000,33.9000,734800
2005-06-24,33.8200,34.1300,33.7600,33.8000,1463400
2005-06-23,34.1800,34.2500,33.7000,33.8100,791800
2005-06-22,34.1200,34.2700,34.0500,34.2100,687600
2005-06-21,34.0000,34.0400,33.8000,33.9300,580900
2005-06-20,33.7500,34.2000,33.6500,34.0900,797800
2005-06-17,33.9000,34.0800,33.5000,33.9600,1648900
2005-06-16,33.5800,33.7800,33.4700,33.6700,697900
2005-06-15,33.6000,33.6400,33.4000,33.6100,718100
2005-06-14,33.2600,33.5900,33.2600,33.4200,717300
2005-06-13,33.2500,33.6000,33.2500,33.3700,786100
2005-06-10,33.5000,33.5000,33.1900,33.3800,762100
2005-06-09,33.7100,33.7100,33.3800,33.4800,829000
2005-06-08,33.6100,33.7300,33.4200,33.5000,613200
2005-06-07,33.7200,33.9100,33.4600,33.5000,935300
2005-06-06,33.6000,33.7100,33.3900,33.6500,717600
2005-06-03,33.8900,34.0000,33.4700,33.6000,953100
2005-06-02,34.0600,34.0600,33.7000,33.9700,914500
2005-06-01,33.6000,34.2200,33.5800,34.0700,1213900
2005-05-31,33.7700,33.9100,33.5700,33.6800,855400
2005-05-27,33.5000,33.8000,33.4300,33.7300,1007900
2005-05-26,33.4500,33.6400,33.3400,33.5400,829900
2005-05-25,33.4600,33.5000,33.2000,33.4000,1062200
2005-05-24,33.7000,33.7000,33.4500,33.6000,1132300
2005-05-23,33.9800,34.0100,33.7600,33.7600,949400
2005-05-20,34.3000,34.3000,33.7400,33.8900,1062400
2005-05-19,34.3400,34.3500,33.8000,34.2900,1090400
2005-05-18,33.9600,34.3700,33.9300,34.3400,1522900
2005-05-17,33.6000,34.0000,33.3100,33.8300,1150400
2005-05-16,33.0200,33.7400,32.9800,33.6300,1302600
2005-05-13,33.2500,33.2800,32.7100,32.8700,923200
2005-05-12,33.5100,33.6600,33.0000,33.0300,776000
2005-05-11,33.3800,33.6300,33.1700,33.5200,819300
2005-05-10,33.4300,33.7200,33.1900,33.2500,1172900
2005-05-09,33.3500,33.7100,33.3100,33.7100,1081100
2005-05-06,32.9000,33.6300,32.9000,33.3500,1465000
2005-05-05,34.3000,34.4800,33.6100,33.9400,1091200
2005-05-04,33.6000,34.4500,33.5200,34.4000,1136900
2005-05-03,33.6100,33.9200,33.4200,33.6100,979000
2005-05-02,33.5000,33.7500,33.1900,33.7000,886800
2005-04-29,33.0500,33.4900,32.8100,33.4900,1415900
2005-04-28,32.9200,33.1800,32.6700,32.8600,851100
2005-04-27,32.6000,33.3100,32.5500,33.2500,927400
2005-04-26,32.8500,33.1100,32.7300,32.7300,904100
2005-04-25,32.5500,32.9600,32.4700,32.9300,886800
2005-04-22,32.3900,32.6400,32.2600,32.4800,1064300
2005-04-21,32.1400,32.4800,31.7700,32.3600,1225400
2005-04-20,32.2500,32.3000,31.8500,31.9600,1319000
2005-04-19,32.2400,32.4300,32.1300,32.3000,1227500
2005-04-18,32.5500,32.6900,32.0500,32.2700,1079500
2005-04-15,32.4800,33.0000,32.2000,32.6000,2678500
2005-04-14,31.9900,31.9900,31.3000,31.5900,1240200
2005-04-13,32.7500,32.7600,31.9800,31.9800,1122000
2005-04-12,32.2000,32.9900,32.0600,32.8500,900500
2005-04-11,32.4900,32.5500,32.2700,32.2700,714400
2005-04-08,32.7000,32.7800,32.5200,32.5600,549500
2005-04-07,32.7300,32.9400,32.4700,32.7400,663800
2005-04-06,32.5000,32.8200,32.4900,32.7300,651200
2005-04-05,32.4500,32.6500,32.2500,32.4200,533300
2005-04-04,32.2300,32.4100,31.9300,32.3000,946700
2005-04-01,32.5800,32.8400,32.0200,32.3300,979700
2005-03-31,32.5200,32.7000,32.3300,32.4000,1281400
2005-03-30,32.1500,32.5900,32.0600,32.5800,1181400
2005-03-29,32.0700,32.4000,32.0100,32.1500,835200
2005-03-28,32.0800,32.5200,32.0600,32.2100,743600
2005-03-24,32.2500,32.6700,32.1100,32.1100,1430500
2005-03-23,32.2600,32.5500,32.1800,32.3900,1273600
2005-03-22,32.6600,32.8700,32.2500,32.2500,1753000
2005-03-21,32.8000,32.9000,32.6300,32.7600,1176800
2005-03-18,33.3500,33.3900,32.7000,32.8700,2220300
2005-03-17,32.9500,33.3500,32.6400,33.2400,986200
2005-03-16,33.2000,33.3200,32.8300,32.9000,995500
2005-03-15,33.6800,33.7800,33.2500,33.3000,849300
2005-03-14,33.2700,33.6200,33.2700,33.6100,1154700
2005-03-11,33.6300,33.7000,32.9500,33.0900,1253400
2005-03-10,33.4000,33.7500,33.3400,33.5500,966100
2005-03-09,33.6500,33.6600,33.1600,33.3300,1316100
2005-03-08,33.8100,33.9800,33.6700,33.7700,1719800
2005-03-07,33.8000,34.0300,33.7400,33.9300,1518700
2005-03-04,33.3000,33.8700,33.2100,33.7000,1411500
2005-03-03,32.7300,33.4400,32.6200,33.1100,1612900
2005-03-02,32.7000,33.0500,32.4000,32.6900,1001700
2005-03-01,32.4400,32.9400,32.2500,32.8200,1186200
2005-02-28,32.4200,32.4800,32.0100,32.2600,1267100
2005-02-25,32.3100,32.7200,32.0000,32.3900,1026700
2005-02-24,32.1500,32.3700,31.9800,32.2200,937800
2005-02-23,32.0000,32.3500,32.0000,32.0700,1636700
2005-02-22,32.5900,32.6900,32.2600,32.2600,1198200
2005-02-18,32.6800,32.7404,32.5400,32.6500,1106900
2005-02-17,32.8300,32.9000,32.5800,32.6300,955500
2005-02-16,33.0300,33.0900,32.6200,32.7500,806000
2005-02-15,32.9500,33.3000,32.7900,32.9800,1385100
2005-02-14,32.7700,32.8500,32.5600,32.7900,747300
2005-02-11,32.4000,32.8900,32.2400,32.7700,1290200
2005-02-10,32.4300,32.4500,32.2200,32.3200,855800
2005-02-09,32.2800,32.3700,32.0000,32.2900,1162100
2005-02-08,32.2100,32.3100,32.0700,32.2200,1035300
2005-02-07,32.3000,32.5500,32.1000,32.2500,893000
2005-02-04,32.1000,32.3700,31.9700,32.3000,1142700
2005-02-03,32.0500,32.2600,31.8600,32.0400,885300
2005-02-02,32.2300,32.4500,31.8500,31.9700,2012700
2005-02-01,32.1000,32.4300,31.7900,32.2600,914100
2005-01-31,32.0400,32.2400,31.8700,32.0000,1211900
2005-01-28,32.6200,32.6200,31.6600,31.8000,3049800
2005-01-27,33.1200,33.3400,32.8400,32.8400,1263700
2005-01-26,32.7700,33.2500,32.7500,33.1500,851700
2005-01-25,33.1400,33.2900,32.7100,32.7100,1127100
2005-01-24,32.8700,33.1400,32.7700,32.9400,1482300
2005-01-21,32.9600,33.1800,32.7100,32.8700,1563400
2005-01-20,33.1000,33.2300,32.8000,33.0100,1679400
2005-01-19,33.1000,33.4500,33.0700,33.2500,1823400
2005-01-18,33.3700,33.3800,31.7100,33.1600,3409800
2005-01-14,33.4000,33.8400,33.3000,33.5800,1022500
2005-01-13,34.2700,34.3400,33.3000,33.3900,1380200
2005-01-12,34.6500,34.6800,34.2000,34.3400,965700
2005-01-11,34.7900,34.8100,34.2600,34.6700,887800
2005-01-10,34.8000,35.0000,34.6800,34.7800,831000
2005-01-07,35.0900,35.2500,34.7500,34.9800,985000
2005-01-06,34.9300,35.1700,34.9000,35.0700,602500
2005-01-05,35.1300,35.2600,34.9200,34.9200,843300
2005-01-04,35.3200,35.4600,34.9900,35.1300,950600
2005-01-03,35.5000,35.5200,35.0500,35.2500,762300
2004-12-31,35.5000,35.6500,35.3400,35.5900,460600
2004-12-30,35.6300,35.7500,35.4300,35.4800,472200
2004-12-29,35.3300,35.6300,35.3300,35.5600,489200
2004-12-28,35.2400,35.5600,35.2300,35.5000,439600
2004-12-27,35.4900,35.6200,35.2200,35.2300,312700
2004-12-23,35.4000,35.6000,35.4000,35.4500,402700
2004-12-22,35.4000,35.6600,35.3600,35.4100,845700
2004-12-21,35.4000,35.5500,35.3100,35.4000,774400
2004-12-20,35.3100,35.4600,35.1000,35.4500,899200
2004-12-17,34.5000,35.3800,34.5000,35.3100,2260300
2004-12-16,35.2000,35.3300,34.9100,35.0500,617100
2004-12-15,35.0200,35.3800,34.9900,35.3400,642800
2004-12-14,35.2200,35.3900,35.0500,35.1700,596300
2004-12-13,35.0000,35.2500,34.8600,35.2500,500200
2004-12-10,35.4400,35.4400,34.5100,34.9000,888800
2004-12-09,35.0600,35.0600,34.3800,34.8100,1324800
2004-12-08,34.8000,35.1000,34.7800,34.9200,799400
2004-12-07,35.3400,35.4300,34.7400,34.7400,717800
2004-12-06,35.5000,35.5000,35.3200,35.4500,655600
2004-12-03,35.5000,35.5700,35.1700,35.4900,574700
2004-12-02,35.6800,35.7800,35.4100,35.5800,484400
2004-12-01,35.1500,35.7900,35.0100,35.7900,659400
2004-11-30,35.0000,35.0900,34.8200,34.9900,722300
2004-11-29,35.0900,35.2400,34.7940,35.0500,511500
2004-11-26,35.0800,35.2500,35.0800,35.0800,178000
2004-11-24,34.7700,35.1700,34.7500,35.0600,487000
2004-11-23,34.8500,34.9700,34.6400,34.7700,931400
2004-11-22,34.7900,35.0600,34.7600,35.0600,618500
2004-11-19,35.4500,35.4800,34.8000,34.8400,1213400
2004-11-18,35.5000,35.6700,35.4000,35.5800,892800
2004-11-17,35.6400,35.7900,35.3400,35.5100,845300
2004-11-16,35.7300,35.8900,35.5500,35.6700,996900
2004-11-15,35.6100,35.9700,35.3500,35.7200,1220800
2004-11-12,35.5500,35.5700,35.3000,35.4400,865700
2004-11-11,35.3800,35.6900,35.3800,35.4800,930600
2004-11-10,35.2700,35.4900,35.0900,35.3800,1394500
2004-11-09,35.5600,35.5600,35.2000,35.2700,745700
2004-11-08,35.5000,35.5900,35.2900,35.3600,562600
2004-11-05,35.7400,35.8400,35.3500,35.5000,855600
2004-11-04,35.2300,35.7400,35.1300,35.7000,1380900
2004-11-03,35.1600,35.2500,34.9900,35.1200,938700
2004-11-02,34.7900,35.1600,34.7500,34.9600,1073200
2004-11-01,35.0000,35.1000,34.8000,34.9200,666000
2004-10-29,34.8200,35.1400,34.7600,35.0800,786600
2004-10-28,34.5800,34.9500,34.3700,34.9200,947200
2004-10-27,34.2000,34.8300,34.0700,34.8100,683600
2004-10-26,33.8000,34.4500,33.7500,34.4000,800800
2004-10-25,33.8900,34.0100,33.6000,33.9100,854000
2004-10-22,34.4000,34.6000,33.9500,34.0300,1153900
2004-10-21,34.2300,34.6700,34.1400,34.3900,1024000
2004-10-20,34.0500,34.4100,33.9000,34.3000,1187000
2004-10-19,34.0300,34.2800,33.9500,34.1500,1108500
2004-10-18,33.9800,34.1200,33.6900,34.0400,964200
2004-10-15,33.2800,34.7100,32.9300,34.2200,1854500
2004-10-14,33.5500,33.7500,32.9500,33.2800,1229000
2004-10-13,33.7800,33.8800,33.3500,33.5400,1168000
2004-10-12,33.5400,33.9500,33.4500,33.8100,787700
2004-10-11,33.3700,33.7900,33.3700,33.7800,379300
2004-10-08,33.4100,33.6000,33.2300,33.3600,941800
2004-10-07,33.5200,33.5800,33.1500,33.4000,642600
2004-10-06,33.7300,33.7400,33.3600,33.5200,663800
2004-10-05,33.6200,33.7600,33.5400,33.6000,671600
2004-10-04,33.7600,33.8000,33.4800,33.6200,849400
2004-10-01,33.1100,33.7700,33.0200,33.7000,1510100
2004-09-30,33.1800,33.2000,32.7900,33.0600,1818700
2004-09-29,32.5900,33.1600,32.3100,33.1600,1317100
2004-09-28,32.5800,32.7400,32.2300,32.5800,708400
2004-09-27,32.5900,32.6500,32.1700,32.5800,1885100
2004-09-24,32.6500,32.7400,32.4200,32.6900,557800
2004-09-23,33.0300,33.1300,32.4200,32.7400,736900
2004-09-22,33.2000,33.2000,32.9000,33.0300,846400
2004-09-21,33.2200,33.2200,32.8100,33.1100,656300
2004-09-20,33.2000,33.3300,32.8100,33.2100,777900
2004-09-17,33.5000,33.5900,33.0700,33.2000,1224700
2004-09-16,33.2300,33.4800,33.2100,33.4800,539400
2004-09-15,33.3000,33.3900,33.1500,33.2500,943700
2004-09-14,33.4200,33.4400,33.1400,33.2400,590500
2004-09-13,33.0300,33.4200,32.7700,33.4200,822800
2004-09-10,32.9700,33.1100,32.8700,33.0300,986600
2004-09-09,32.9900,33.1000,32.7100,32.9700,815700
2004-09-08,33.0000,33.0400,32.7300,32.9400,817200
2004-09-07,32.7000,33.1700,32.5800,33.1600,908100
2004-09-03,32.8000,32.8700,32.5200,32.6200,847800
2004-09-02,32.6100,32.7700,32.5100,32.7700,732700
2004-09-01,32.2600,32.6100,32.2600,32.6100,1208500
2004-08-31,31.8800,32.3700,31.8600,32.2900,1177200
2004-08-30,31.5000,32.0000,31.5000,31.8700,803900
2004-08-27,31.6200,31.6800,31.3500,31.6800,418100
2004-08-26,31.6400,31.7200,31.4600,31.7200,655600
2004-08-25,31.3500,31.6500,31.3200,31.6300,558900
2004-08-24,31.3400,31.6800,31.1800,31.4000,557300
2004-08-23,31.1700,31.6600,31.1600,31.3200,981400
2004-08-20,31.4800,31.6700,31.2700,31.6300,554400
2004-08-19,31.3000,31.6400,31.2100,31.4200,782700
2004-08-18,30.9700,31.5600,30.9700,31.5500,862400
2004-08-17,31.0900,31.1900,30.9000,31.1200,1155500
2004-08-16,30.7900,31.1000,30.6200,31.0800,1034100
2004-08-13,30.7000,30.7600,30.5200,30.6600,652400
2004-08-12,30.5000,30.7300,30.4600,30.5500,783500
2004-08-11,30.4400,30.6800,30.1900,30.6700,647200
2004-08-10,29.9700,30.4200,29.9700,30.3800,966600
2004-08-09,30.0400,30.1600,29.9600,29.9600,770400
2004-08-06,29.9800,30.2000,29.2400,30.0000,1008500
2004-08-05,30.0300,30.1900,29.9700,29.9700,890100
2004-08-04,29.9700,30.3700,29.8500,30.1400,1312200
2004-08-03,29.8900,30.0500,29.7800,29.9500,1154100
2004-08-02,29.7200,29.8800,29.5100,29.8200,890200
2004-07-30,29.5800,29.9000,29.5000,29.6900,958300
2004-07-29,29.5000,29.7300,29.4100,29.5700,966300
2004-07-28,29.9000,30.0200,29.5300,29.8100,1535100
2004-07-27,29.5600,29.9200,29.5100,29.8800,1100900
2004-07-26,29.5400,29.7000,29.5100,29.6300,917100
2004-07-23,29.5500,29.8000,29.5000,29.6700,854800
2004-07-22,29.5000,29.7300,29.4000,29.5900,1064400
2004-07-21,30.2000,30.3100,29.7500,29.7600,892800
2004-07-20,30.0000,30.2100,29.8100,30.0700,1538000
2004-07-19,29.9000,30.2000,29.9000,30.0200,970800
2004-07-16,29.9000,30.2500,29.8600,30.0200,1386100
2004-07-15,29.8300,30.2400,29.7300,30.2000,1376600
2004-07-14,30.1000,30.1000,29.7700,29.9100,789600
2004-07-13,30.2400,30.3500,30.0700,30.2000,714200
2004-07-12,30.1000,30.2400,29.8300,30.2400,770900
2004-07-09,30.4600,30.4600,29.9500,30.2800,927200
2004-07-08,30.8200,30.8200,30.4300,30.5100,1027700
2004-07-07,30.7000,30.9900,30.5800,30.8200,1224000
2004-07-06,30.4500,30.7000,30.2200,30.7000,1045200
2004-07-02,30.5000,30.7300,30.3000,30.5500,1190000
2004-07-01,29.8700,30.5600,29.7400,30.2200,1448259
2004-06-30,36.7500,37.0000,36.5500,36.5500,1765749
2004-06-29,37.1100,37.1100,36.7500,36.7500,477895
2004-06-28,36.8500,37.3500,36.8500,37.1000,795466
2004-06-25,37.0600,37.1400,36.4000,36.4000,604049
2004-06-24,37.1300,37.2500,36.8600,37.0600,504777
2004-06-23,37.2600,37.3000,36.9900,37.1300,464049
2004-06-22,36.4800,37.3100,36.3000,37.1400,888502
2004-06-21,36.7000,36.7300,36.4200,36.4300,439352
2004-06-18,36.2600,36.7100,36.2300,36.4700,555385
2004-06-17,36.8000,36.8900,36.5000,36.5100,412308
2004-06-16,37.2000,37.2300,36.8000,36.9500,328583
2004-06-15,37.2900,37.3900,36.9200,37.1200,439757
2004-06-14,37.9700,37.9900,37.3000,37.4000,373360
2004-06-10,37.8000,37.9900,37.7200,37.9600,315061
2004-06-09,38.2500,38.2500,37.6500,37.6500,950121
2004-06-08,38.1500,38.2800,37.9300,38.2500,523887
2004-06-07,37.9500,38.2000,37.8300,38.2000,413441
2004-06-04,37.8200,37.9900,37.7300,37.8400,417733
2004-06-03,37.9500,37.9500,37.4700,37.6500,589879
2004-06-02,38.0800,38.1500,37.6600,37.8800,831984
2004-06-01,38.0200,38.1800,37.5500,37.6900,963158
2004-05-28,37.8500,38.4600,37.5808,38.0200,2890526
2004-05-27,37.3500,37.7600,37.2000,37.6500,979352
2004-05-26,36.7700,37.4400,36.6800,37.0800,775789
2004-05-25,36.4300,36.7500,36.0500,36.7500,491660
2004-05-24,36.3000,36.4800,36.1200,36.4300,476437
2004-05-21,35.8800,36.2700,35.7500,36.2000,524211
2004-05-20,35.6000,35.7600,35.4800,35.7300,397895
2004-05-19,35.6600,35.9700,35.4200,35.6000,530850
2004-05-18,35.1000,35.4800,35.1000,35.2800,594089
2004-05-17,34.7200,35.0800,34.4400,34.9300,450931
2004-05-14,34.9000,35.3000,34.5500,35.0200,268664
2004-05-13,34.8000,35.5200,34.7800,34.9700,428502
2004-05-12,34.5000,34.9900,33.9500,34.9500,482510
2004-05-11,34.1000,34.6000,34.0500,34.3300,572794
2004-05-10,34.5000,34.5300,33.7700,34.0000,593765
2004-05-07,34.9600,34.9700,34.3200,34.5000,586559
2004-05-06,34.9000,35.2000,34.8000,35.0200,387126
2004-05-05,35.2100,35.5800,34.7800,34.8800,501296
2004-05-04,34.7000,35.2000,34.5200,35.0200,425587
2004-05-03,34.7100,34.9200,34.5200,34.7500,449636
2004-04-30,34.7400,34.7800,34.4000,34.7100,471417
2004-04-29,34.9000,35.2200,34.3800,34.5600,558300
2004-04-28,35.5200,35.6100,34.8400,34.8500,276842
2004-04-27,35.6100,36.0600,35.5000,35.6000,342753
2004-04-26,35.8000,35.8500,35.3500,35.5100,628421
2004-04-23,35.4700,35.8000,35.2700,35.7500,504291
2004-04-22,35.2100,35.8000,35.0400,35.6700,560648
2004-04-21,34.4500,35.2100,34.3500,35.2100,1381619
2004-04-20,34.5100,35.0600,34.3000,34.3000,504858
2004-04-19,34.9100,34.9100,34.5000,34.5100,482186
2004-04-16,34.8000,35.3500,34.6000,34.9600,986964
2004-04-15,34.6100,34.8300,33.6600,34.2100,908502
2004-04-14,34.8200,35.0600,34.1600,34.5700,558704
2004-04-13,35.5700,35.5800,34.7000,35.0000,652146
2004-04-12,35.9700,36.0600,35.5500,35.5500,261943
2004-04-08,36.0300,36.1300,35.7100,35.8800,322267
2004-04-07,36.1500,36.1500,35.7500,35.9300,271498
2004-04-06,35.5300,36.2800,35.5300,36.2500,386559
2004-04-05,36.4800,36.4900,35.6300,35.8800,595870
2004-04-02,37.2100,37.2100,36.3500,36.5500,594575
2004-04-01,36.6200,37.0400,36.5000,36.8800,723401
2004-03-31,36.6000,36.7400,36.1700,36.5200,445992
2004-03-30,36.2800,36.6900,36.1700,36.5800,366802
2004-03-29,36.0200,36.6900,35.9700,36.5200,373927
2004-03-26,36.1200,36.2000,35.9300,35.9400,262672
2004-03-25,35.8400,36.2000,35.5400,36.0800,337085
2004-03-24,35.7000,36.0400,35.4500,35.5400,453846
2004-03-23,35.9600,36.2100,35.7500,35.7500,361862
2004-03-22,36.0000,36.1300,35.5900,35.8900,395466
2004-03-19,36.4000,36.4800,36.0600,36.1600,419919
2004-03-18,36.5000,36.8800,36.3600,36.6000,465506
2004-03-17,36.5000,36.6600,36.3500,36.3500,480000
2004-03-16,36.2300,36.6000,36.2100,36.4000,553198
2004-03-15,37.1500,37.1500,36.2100,36.6500,613441
2004-03-12,36.4000,36.9000,36.3900,36.9000,424615
2004-03-11,37.1300,37.2300,36.3000,36.3300,532308
2004-03-10,37.7000,37.8300,37.1700,37.1800,495061
2004-03-09,37.8000,38.0500,37.4600,37.8000,695547
2004-03-08,37.9000,38.0600,37.7500,37.8300,521296
2004-03-05,37.1500,37.8400,37.0400,37.8000,395951
2004-03-04,37.0000,37.2400,36.9700,37.1800,292146
2004-03-03,36.7300,37.1700,36.6100,37.1400,872146
2004-03-02,36.9000,36.9800,36.7300,36.7300,369717
2004-03-01,36.9500,37.0500,36.8000,36.9000,415142
2004-02-27,36.4300,37.1300,36.2500,36.9000,660648
2004-02-26,36.4200,36.5300,36.3600,36.4300,278704
2004-02-25,36.4500,36.5900,36.3700,36.4200,349231
2004-02-24,36.6000,36.8200,36.3500,36.5500,439919
2004-02-23,36.6300,36.7100,36.4600,36.6000,376599
2004-02-20,36.8400,36.8700,36.3800,36.6000,632551
2004-02-19,36.9500,37.0000,36.8000,36.8400,447126
2004-02-18,37.0000,37.0300,36.8500,36.9500,355466
2004-02-17,37.2000,37.2500,36.9400,36.9900,416437
2004-02-13,37.0200,37.2000,36.1200,37.0300,403563
2004-02-12,37.2500,37.3500,36.9300,37.0600,409150
2004-02-11,37.0000,37.4700,36.7100,37.3000,942348
2004-02-10,36.7000,37.0700,36.6700,37.0400,637733
2004-02-09,37.1500,37.2900,36.7000,36.8800,456275
2004-02-06,36.7800,37.4000,36.7300,37.0500,842591
2004-02-05,36.5000,36.6800,36.3800,36.6500,448502
2004-02-04,36.7000,36.8000,36.4100,36.6000,685344
2004-02-03,37.1500,37.1500,36.6900,36.8500,1199190
2004-02-02,37.5900,37.6700,37.0000,37.1500,626154
2004-01-30,37.4000,37.6100,37.1500,37.5000,993441
2004-01-29,38.4200,38.4300,37.0400,37.4000,1339433
2004-01-28,39.1600,39.1700,38.1600,38.2200,933846
2004-01-27,39.2400,39.2500,38.5700,38.9800,938219
2004-01-26,39.7100,39.8400,38.9000,39.2500,1729636
2004-01-23,38.9500,41.9100,38.9500,39.7500,5200162
2004-01-22,37.7500,37.9400,37.6000,37.7500,636275
2004-01-21,36.6600,37.8000,36.6000,37.6900,887449
2004-01-20,36.5100,36.7500,36.3400,36.7400,393360
2004-01-16,36.7400,36.9700,36.3600,36.6900,431498
2004-01-15,37.0000,37.1200,36.3500,36.7400,715061
2004-01-14,36.2000,36.5015,36.1900,36.3000,281862
2004-01-13,36.6000,36.7400,35.9700,36.3100,484130
2004-01-12,36.9000,36.9800,36.5000,36.6500,542024
2004-01-09,36.8800,37.2000,36.8000,36.9400,588988
2004-01-08,37.0000,37.1100,36.8200,36.8800,459838
2004-01-07,37.0000,37.0300,36.8000,36.9600,816761
2004-01-06,37.1100,37.1100,36.6100,37.0000,638543
2004-01-05,36.8600,37.0900,36.5500,37.0600,837085
2004-01-02,37.2000,37.4000,36.5600,36.6600,789879
2003-12-31,37.1200,37.2500,37.0200,37.2000,399352
2003-12-30,36.8500,37.1400,36.8300,37.1200,413765
2003-12-29,36.6500,37.0500,36.6500,37.0000,374170
2003-12-26,36.6000,36.7400,36.5700,36.5900,87045
2003-12-24,36.7400,36.7500,36.5000,36.5200,133684
2003-12-23,37.0000,37.0200,36.5900,36.8600,298785
2003-12-22,37.2400,37.2400,36.7100,36.8700,386640
2003-12-19,36.7800,36.7800,36.2500,36.5400,476923
2003-12-18,36.2500,36.6100,36.1200,36.6000,328988
2003-12-17,36.4500,36.4800,35.8700,36.2000,490040
2003-12-16,36.5000,36.8500,36.4900,36.7200,483968
2003-12-15,37.1000,37.2500,36.4400,36.4400,539676
2003-12-12,37.1000,37.1500,36.9500,37.1000,334170
2003-12-11,36.6400,37.1400,36.6400,37.1400,338947
2003-12-10,36.8500,36.8800,36.3000,36.4900,338057
2003-12-09,37.4300,37.4300,36.7500,36.8800,410121
2003-12-08,36.6000,37.3400,36.5000,37.2700,739595
2003-12-05,36.0000,36.6600,36.0000,36.3600,645263
2003-12-04,37.0700,37.1000,36.6200,36.8000,397409
2003-12-03,36.9000,37.3500,36.8200,37.2000,567045
2003-12-02,37.2000,37.2400,36.9500,37.0500,607126
2003-12-01,37.0300,37.3300,37.0300,37.3300,367773
2003-11-28,37.1000,37.1500,37.0200,37.1100,95789
2003-11-26,37.0000,37.1000,36.7000,37.1000,287530
2003-11-25,36.7000,36.9200,36.6000,36.8500,518866
2003-11-24,36.5500,36.9500,36.5500,36.7700,295061
2003-11-21,36.4100,36.6000,36.3400,36.4200,407287
2003-11-20,36.6300,36.9100,36.3500,36.4200,480243
2003-11-19,36.9200,37.0200,36.7700,36.8000,425182
2003-11-18,37.3900,37.3900,36.8100,36.8200,361538
2003-11-17,37.6500,37.6500,37.1300,37.3900,253846
2003-11-14,37.7900,37.8800,37.4700,37.7000,287530
2003-11-13,37.8000,37.8300,37.5000,37.8000,268097
2003-11-12,37.5000,37.8600,37.3600,37.8500,296680
2003-11-11,37.4500,37.5800,36.9300,37.4000,274008
2003-11-10,37.7000,37.8100,37.5800,37.6600,452551
2003-11-07,37.5200,37.9000,37.4500,37.7100,470445
2003-11-06,37.2500,37.5200,37.0200,37.5200,290850
2003-11-05,37.3000,37.3000,36.8100,37.2400,480810
2003-11-04,37.0500,37.3400,36.9600,37.3000,356113
2003-11-03,36.7500,37.2300,36.7000,37.2300,417247
2003-10-31,36.7800,36.8500,36.5700,36.7500,429636
2003-10-30,36.7000,36.9000,36.5000,36.7800,407287
2003-10-29,36.7800,36.7800,36.3700,36.5200,602996
2003-10-28,36.5100,36.8600,36.3300,36.7800,383239
2003-10-27,35.7500,36.6100,35.7500,36.5100,502915
2003-10-24,35.9400,35.9400,35.5100,35.7500,362753
2003-10-23,35.6500,35.9800,35.5300,35.9400,318219
2003-10-22,35.9200,35.9500,35.5600,35.7200,317733
2003-10-21,36.1500,36.1600,35.9000,36.0700,401862
2003-10-20,36.5000,36.5200,35.9800,36.2300,511822
2003-10-17,36.5000,36.5500,36.3200,36.5100,581700
2003-10-16,36.3600,36.6000,36.3000,36.5200,483482
2003-10-15,36.6000,36.6500,36.3100,36.3500,351822
2003-10-14,36.4900,36.6500,36.3500,36.6500,370445
2003-10-13,36.4400,36.5000,36.3500,36.4900,257814
2003-10-10,36.2500,36.4400,36.0700,36.2400,265587
2003-10-09,36.1300,36.4800,36.1200,36.2700,496761
2003-10-08,36.1000,36.1300,35.9000,36.1300,393765
2003-10-07,35.6500,36.1400,35.5600,36.1400,663239
2003-10-06,35.3000,35.7400,35.2600,35.7400,268745
2003-10-03,35.2200,35.6900,35.1300,35.2400,460000
2003-10-02,35.3200,35.3200,34.9400,35.2200,336680
2003-10-01,34.3000,35.2600,34.2500,35.2600,580405
2003-09-30,34.3800,34.5800,34.1200,34.2500,610526
2003-09-29,34.2500,34.4600,34.1500,34.3900,625587
2003-09-26,34.4500,34.4500,34.2000,34.3000,866478
2003-09-25,34.7200,34.8900,34.4600,34.4700,738623
2003-09-24,34.9200,34.9200,34.5000,34.6700,568583
2003-09-23,34.8500,35.0000,34.7800,34.8700,680810
2003-09-22,34.9000,34.9000,34.4500,34.6700,420810
2003-09-19,34.9000,35.0200,34.8600,35.0000,407530
2003-09-18,34.6700,35.1000,34.6500,35.0700,610121
2003-09-17,34.8300,34.8400,34.5000,34.5400,268340
2003-09-16,34.5000,34.8500,34.5000,34.8300,333279
2003-09-15,34.6100,34.6100,34.2500,34.4900,376032
2003-09-12,34.6400,34.7200,34.2400,34.6000,507611
2003-09-11,34.4800,34.7600,34.4800,34.6400,445587
2003-09-10,35.6700,35.6700,34.5800,34.6100,667935
2003-09-09,35.9400,35.9400,35.5400,35.6700,289393
2003-09-08,35.6100,36.0500,35.6100,36.0400,337328
2003-09-05,35.5000,35.8800,35.5000,35.7700,319028
2003-09-04,35.6000,35.8100,35.5100,35.8000,341538
2003-09-03,35.5800,35.7800,35.4200,35.6700,392713
2003-09-02,35.5100,35.6300,35.1300,35.5700,628745
2003-08-29,34.9500,35.2600,34.8500,35.2600,313279
2003-08-28,34.8900,35.1600,34.6500,35.1000,270040
2003-08-27,35.0000,35.0500,34.8100,34.9300,238543
2003-08-26,34.7400,35.1700,34.4700,35.0500,392470
2003-08-25,34.9000,34.9800,34.6000,34.9400,282672
2003-08-22,35.2000,35.5100,34.6800,34.8300,379757
2003-08-21,35.6200,35.7300,35.3300,35.3800,423239
2003-08-20,35.4800,35.6200,35.2900,35.6200,419919
2003-08-19,35.9800,35.9800,35.2600,35.5400,535789
2003-08-18,35.8000,36.0800,35.7900,35.9800,243644
2003-08-15,35.9300,35.9300,35.6200,35.8000,183401
2003-08-14,35.4100,35.9300,35.3300,35.9300,286154
2003-08-13,35.6200,35.6200,35.2000,35.4100,384049
2003-08-12,35.2500,35.6000,35.1200,35.6000,297895
2003-08-11,35.4700,35.7100,35.1600,35.2400,398138
2003-08-08,35.5900,35.6300,35.3500,35.5300,358947
2003-08-07,35.4500,35.5700,35.0500,35.5600,570688
2003-08-06,35.0000,35.5500,34.8700,35.3500,544777
2003-08-05,35.4900,35.7000,34.9900,35.0400,446154
2003-08-04,35.4100,35.7900,34.9700,35.6900,541700
2003-08-01,35.9200,36.0000,35.3500,35.5400,594251
2003-07-31,36.6300,36.7100,36.0000,36.1000,750121
2003-07-30,36.2500,36.3500,35.9400,36.1500,481781
2003-07-29,36.5000,36.5600,36.0000,36.2000,366235
2003-07-28,36.7300,36.7300,36.2000,36.3900,530607
2003-07-25,36.0300,36.6500,36.0300,36.6400,653117
2003-07-24,36.4200,36.7500,36.0300,36.0300,681215
2003-07-23,36.4000,36.4700,36.0400,36.3900,473684
2003-07-22,36.0200,36.3900,35.8800,36.2900,522672
2003-07-21,36.0000,36.2500,35.8600,36.0100,584291
2003-07-18,36.2200,36.2200,35.8500,36.1300,485263
2003-07-17,35.7500,36.0000,35.6000,35.9700,610283
2003-07-16,35.7000,35.9800,35.5200,35.9800,742429
2003-07-15,35.7000,36.0200,35.5900,35.7500,773117
2003-07-14,35.2200,36.0000,35.0800,35.7000,674818
2003-07-11,34.7100,35.0400,34.7000,34.9300,408988
2003-07-10,34.6500,34.9000,34.3000,34.5600,364049
2003-07-09,34.9700,35.1900,34.8500,35.0300,727854
2003-07-08,34.5000,34.9400,34.4900,34.9200,325182
2003-07-07,34.4500,34.8400,34.3300,34.6900,256113
2003-07-03,34.3100,34.5500,34.0200,34.1200,264696
2003-07-02,34.3800,34.5300,34.1000,34.3100,377409
2003-07-01,33.7800,34.3400,33.3000,34.2700,567692
2003-06-30,34.0100,34.3300,33.7800,33.7800,574899
2003-06-27,34.3400,34.3700,34.0000,34.0600,495789
2003-06-26,34.3600,34.4700,33.8500,34.4400,545992
2003-06-25,34.5200,34.9000,34.3400,34.3400,376113
2003-06-24,34.3900,34.7200,34.3400,34.5000,321053
2003-06-23,34.9100,34.9700,34.2700,34.3900,250202
2003-06-20,35.1500,35.3400,34.8500,34.9600,724696
2003-06-19,35.7500,35.7700,34.7900,34.9300,358704
2003-06-18,35.4900,35.8300,35.3200,35.6700,438219
2003-06-17,35.9800,35.9800,35.4800,35.5300,352065
2003-06-16,35.5200,36.0900,35.4500,35.9800,351417
2003-06-13,35.7000,35.7200,35.1400,35.3900,335547
2003-06-12,35.7300,35.7300,35.2800,35.6000,375223
2003-06-11,35.5900,35.7000,35.1500,35.7000,329636
2003-06-10,35.5700,35.6400,35.2500,35.6400,272874
2003-06-09,35.9000,36.0500,35.2400,35.3500,372632
2003-06-06,36.1500,36.4400,35.8300,35.9500,628583
2003-06-05,35.9200,36.0500,35.6900,36.0000,635547
2003-06-04,35.0900,35.9300,35.0700,35.9100,525101
2003-06-03,34.8700,35.2400,34.8600,35.2200,522996
2003-06-02,35.0000,35.3600,34.9200,34.9700,618462
2003-05-30,34.0900,35.1200,34.0900,35.0400,602267
2003-05-29,34.3400,34.4500,33.8400,34.0800,495709
2003-05-28,34.2500,34.4600,34.0700,34.3300,511417
2003-05-27,33.4000,34.2400,33.2100,34.2400,482024
2003-05-23,33.3000,33.5700,33.2100,33.5500,199109
2003-05-22,33.7200,33.7500,33.1800,33.3800,399352
2003-05-21,33.6300,33.8800,33.4900,33.7100,413036
2003-05-20,33.2300,33.6300,33.2000,33.5300,487368
2003-05-19,33.7300,33.7600,33.1500,33.2100,363806
2003-05-16,33.9000,34.0100,33.6800,33.9000,481781
2003-05-15,33.8000,33.9700,33.6400,33.9500,534818
2003-05-14,33.7600,33.7900,33.5200,33.6300,292955
2003-05-13,33.6600,33.8000,33.4900,33.6600,289879
2003-05-12,33.4300,33.7800,33.2000,33.6700,330040
2003-05-09,33.3100,33.5300,33.0300,33.5300,375628
2003-05-08,33.4500,33.6800,33.1700,33.3000,390445
2003-05-07,33.6500,33.7300,33.3400,33.6300,484939
2003-05-06,33.6200,33.7500,33.3800,33.7300,607854
2003-05-05,33.9800,34.0000,33.5000,33.5800,560000
2003-05-02,33.5700,34.0000,33.4400,33.9500,668826
2003-05-01,33.6000,33.7300,32.8300,33.5700,463806
2003-04-30,33.7500,33.8200,33.3300,33.7100,1345992
2003-04-29,33.9400,33.9400,33.4600,33.7600,611984
2003-04-28,33.4000,33.8800,33.3700,33.8400,454413
2003-04-25,33.6200,33.8000,33.3300,33.3600,487368
2003-04-24,33.7500,33.8200,33.4200,33.6200,451012
2003-04-23,33.5500,33.8900,33.4200,33.8500,525101
2003-04-22,32.9000,33.8700,32.6600,33.8500,652955
2003-04-21,33.0000,33.2800,32.8000,33.0400,384939
2003-04-17,32.6300,33.0000,32.6000,32.9900,351012
2003-04-16,33.5400,33.7400,32.6100,32.6800,365020
2003-04-15,32.9200,33.5600,32.7700,33.5300,503401
2003-04-14,32.4500,32.9400,32.4500,32.9200,439352
2003-04-11,32.4000,32.7500,32.1400,32.3000,464696
2003-04-10,31.7200,32.2700,31.6000,32.2300,546316
2003-04-09,32.4900,32.5100,31.5200,31.5700,571579
2003-04-08,32.3500,32.4600,32.1300,32.3200,459514
2003-04-07,33.0500,33.3200,32.2600,32.2800,854494
2003-04-04,32.7500,33.0100,32.6400,32.8400,542672
2003-04-03,33.6300,33.6300,32.6500,32.7000,677733
2003-04-02,33.4700,33.6900,33.1400,33.5600,634737
2003-04-01,32.6100,32.9100,32.3100,32.8700,784615
2003-03-31,32.6300,32.6600,32.1200,32.4000,549555
2003-03-28,32.4800,32.6700,32.2200,32.6300,313684
2003-03-27,32.5600,32.7800,32.2300,32.5800,478381
2003-03-26,32.6800,32.7600,32.4300,32.5600,517085
2003-03-25,32.5600,32.9100,32.4900,32.7800,614494
2003-03-24,33.2500,33.2600,32.4500,32.6400,817976
2003-03-21,32.7300,33.4400,32.5200,33.4400,771498
2003-03-20,32.1500,32.7300,31.7500,32.5600,605830
2003-03-19,32.0000,32.2500,31.8900,32.2500,525749
2003-03-18,32.2000,32.3600,31.6500,31.8800,740405
2003-03-17,31.3000,32.1300,30.9000,32.1300,797328
2003-03-14,31.3300,31.5600,31.0100,31.3000,538947
2003-03-13,30.9500,31.2700,30.5500,31.2700,544211
2003-03-12,30.3800,30.5200,29.8300,30.4900,775628
2003-03-11,30.8900,31.2600,30.6400,30.6700,480810
2003-03-10,32.0200,32.1400,31.0000,31.0300,366964
2003-03-07,31.6700,32.3200,31.6700,32.1400,460081
2003-03-06,32.0500,32.2600,31.8200,32.0700,695223
2003-03-05,31.5000,32.2200,31.4000,32.2200,481377
2003-03-04,31.9200,31.9300,31.4400,31.4400,328016
2003-03-03,32.6300,32.9000,31.9100,31.9100,323077
2003-02-28,32.1600,32.7200,32.1500,32.3800,508826
2003-02-27,31.6200,32.2300,31.4300,32.2100,587368
2003-02-26,31.9300,31.9500,31.3100,31.4000,439919
2003-02-25,31.2900,31.9800,30.9900,31.9100,520567
2003-02-24,32.0500,32.0500,31.2400,31.2800,341457
2003-02-21,31.6900,32.2100,31.3700,32.0400,469717
2003-02-20,31.9200,31.9200,31.5300,31.5400,317085
2003-02-19,31.8700,31.8800,31.4700,31.7500,442915
2003-02-18,31.6800,31.9700,31.6800,31.8800,400162
2003-02-14,31.1900,31.6400,30.9300,31.6400,585506
2003-02-13,31.0000,31.3400,30.8100,31.1900,541215
2003-02-12,31.6800,31.8900,31.1300,31.1400,457004
2003-02-11,32.2500,32.3600,31.5200,31.6700,368340
2003-02-10,31.8400,32.1700,31.5100,32.1700,324939
2003-02-07,32.2500,32.5000,31.6300,31.7000,421943
2003-02-06,32.0600,32.4500,31.7600,32.0800,505263
2003-02-05,32.5000,32.8800,32.0200,32.1100,314494
2003-02-04,32.8100,32.8100,32.2000,32.3100,486964
2003-02-03,32.8400,33.1500,32.7000,32.8100,456680
2003-01-31,32.0300,32.9700,32.0300,32.7800,712389
2003-01-30,32.8500,33.0400,32.1600,32.2400,370364
2003-01-29,32.6500,32.8000,32.3200,32.8000,437409
2003-01-28,32.6500,32.8000,32.3200,32.8000,445020
2003-01-27,32.8000,32.9800,32.4100,32.4500,402510
2003-01-24,33.5000,33.5500,32.7500,32.8000,650769
2003-01-23,33.4500,33.8500,33.3600,33.6900,311741
2003-01-22,33.5500,33.7200,33.2600,33.3000,397571
2003-01-21,34.3500,34.4200,33.6600,33.6600,418543
2003-01-17,34.2000,34.4900,33.8000,34.1800,332470
2003-01-16,34.6700,34.8900,34.0800,34.2000,487692
2003-01-15,35.1000,35.1300,34.3800,34.6000,353117
2003-01-14,34.7000,35.1300,34.6800,35.1000,332874
2003-01-13,34.9500,35.1300,34.6800,34.8000,279271
2003-01-10,34.9500,35.0900,34.6100,34.7500,317490
2003-01-09,34.7200,35.1400,34.7000,35.1400,407449
2003-01-08,34.7700,34.9900,34.3600,34.5200,281943
2003-01-07,35.2200,35.2200,34.8100,34.9000,424534
2003-01-06,34.2500,35.3200,34.2500,35.2700,573765
2003-01-03,34.5300,34.5300,33.9600,34.1400,337652
2003-01-02,33.8000,34.6500,33.4900,34.5300,600567
2002-12-31,33.5200,33.5200,32.8500,33.3600,340486
2002-12-30,32.8500,33.5200,32.8500,33.4200,400324
2002-12-27,33.3800,33.5500,32.9000,33.0900,332146
2002-12-26,33.2600,33.7800,33.2400,33.3200,282996
2002-12-24,33.2600,33.2800,33.0100,33.2400,154008
2002-12-23,33.3600,33.3700,33.0600,33.2800,211903
2002-12-20,32.6600,33.5000,32.6600,33.3700,550121
2002-12-19,33.0000,33.4200,32.7000,32.8000,246802
2002-12-18,33.4000,33.4300,32.9300,33.0600,342510
2002-12-17,33.4000,33.7100,33.3500,33.3900,402591
2002-12-16,32.8100,33.6600,32.7700,33.5200,431660
2002-12-13,32.7000,33.0600,32.5500,32.7100,351417
2002-12-12,33.3900,33.5000,32.8500,32.9900,372713
2002-12-11,33.1700,33.5800,33.0000,33.4200,367854
2002-12-10,33.1500,33.7700,33.1200,33.7100,404130
2002-12-09,33.4300,33.6100,33.0600,33.0900,403158
2002-12-06,32.8500,33.8600,32.8500,33.6300,382429
2002-12-05,34.1200,34.1200,33.2000,33.2300,278785
2002-12-04,33.9400,34.2400,33.6300,33.7600,464130
2002-12-03,34.3500,34.4500,33.9400,33.9400,365263
2002-12-02,34.9500,35.0600,34.2500,34.4900,502267
2002-11-29,35.1400,35.1500,34.7200,34.7400,131498
2002-11-27,34.7600,35.2700,34.7200,35.1300,507692
2002-11-26,34.8000,34.9600,34.4900,34.7500,513603
2002-11-25,35.0700,35.4700,34.8200,35.0100,405425
2002-11-22,34.8000,35.1900,34.7600,35.0100,474818
2002-11-21,34.4000,34.9500,34.3300,34.8500,573441
2002-11-20,33.2000,34.3800,33.2000,34.3000,286073
2002-11-19,33.5200,33.5400,33.0700,33.3500,335061
2002-11-18,34.2700,34.2700,33.2800,33.4400,362429
2002-11-15,33.3400,34.0900,33.1200,34.0500,463482
2002-11-14,32.8300,33.5100,32.8300,33.5000,514818
2002-11-13,32.2500,33.2500,32.0000,32.4800,517652
2002-11-12,32.1600,33.0500,32.1200,32.7000,418785
2002-11-11,32.7200,32.7500,32.0900,32.1600,633360
2002-11-08,33.0000,33.4600,32.5200,32.7400,441134
2002-11-07,34.4000,34.4100,32.8900,33.0000,609150
2002-11-06,35.1100,35.1100,33.9100,34.4300,534494
2002-11-05,34.5000,35.1000,34.4600,34.8600,444615
2002-11-04,35.0000,35.1900,34.4600,34.7000,514494
2002-11-01,33.8200,35.0000,33.6100,34.9000,316761
2002-10-31,34.4000,34.4500,33.7800,33.8700,521781
2002-10-30,33.6500,34.1300,33.5500,34.0000,301781
2002-10-29,33.9000,34.0000,33.1800,33.5500,335223
2002-10-28,34.5000,34.7000,33.7900,33.9300,346559
2002-10-25,33.4400,34.3800,33.2000,34.2700,475466
2002-10-24,34.2500,34.4400,33.3500,33.4000,448907
2002-10-23,33.8500,34.1800,33.2900,34.0500,611579
2002-10-22,33.6700,33.8500,33.4100,33.8500,621943
2002-10-21,33.2500,33.8200,32.7700,33.8100,586478
2002-10-18,32.9800,33.5100,32.6000,33.3700,737652
2002-10-17,33.2500,33.4100,32.7900,32.9800,725911
2002-10-16,32.8700,33.0900,32.2300,32.3400,684049
2002-10-15,32.2500,33.2400,32.0400,32.8900,1024534
2002-10-14,30.9500,31.8500,30.7500,31.4000,624372
2002-10-11,30.2500,31.9000,30.1600,30.9500,1154494
2002-10-10,27.6100,29.1200,27.2900,28.9200,1452551
2002-10-09,28.2200,28.2200,27.3600,27.4100,779028
2002-10-08,27.2600,28.7300,27.2600,28.2200,1226397
2002-10-07,28.1800,28.5300,27.1000,27.1000,1198138
2002-10-04,30.3300,30.6000,28.1200,28.3800,2294980
2002-10-03,32.3200,32.3800,30.1700,30.2000,1466964
2002-10-02,34.2000,34.2000,32.0000,32.2200,1149555
2002-10-01,32.7500,34.2200,32.5500,34.1000,1055789
2002-09-30,32.5000,32.9500,31.7500,32.6700,808826
2002-09-27,33.2800,33.4400,32.4100,32.5000,638866
2002-09-26,32.6500,33.3500,32.4500,33.2700,675951
2002-09-25,31.7000,32.8000,31.5000,32.6400,669312
2002-09-24,32.0000,32.4000,31.4200,31.5100,770445
2002-09-23,31.9500,32.5500,31.6500,32.3000,877895
2002-09-20,31.5000,32.8000,31.5000,32.0200,1890040
2002-09-19,32.3100,32.4700,31.5000,31.7200,856275
2002-09-18,33.4000,33.4000,32.7100,32.8100,681134
2002-09-17,34.8500,34.8900,33.3800,33.3900,641781
2002-09-16,34.1600,34.3900,33.6200,34.3600,572065
2002-09-13,33.6900,34.2000,33.3100,34.1600,525587
2002-09-12,34.9500,34.9500,33.5000,33.6900,680567
2002-09-11,35.2600,35.3500,34.9600,35.1200,352227
2002-09-10,35.7500,35.7500,35.0500,35.4000,507530
2002-09-09,35.7600,36.2400,35.3300,35.8900,550607
2002-09-06,35.4800,35.9000,35.3300,35.7600,503806
2002-09-05,34.9000,35.3600,34.4600,35.3000,508016
2002-09-04,34.5000,35.4300,34.3200,35.3300,473198
2002-09-03,35.5200,35.5200,34.4200,34.5000,430607
2002-08-30,35.4300,36.0500,35.2900,35.7200,380648
2002-08-29,35.1000,35.7600,34.7700,35.4200,415709
2002-08-28,35.6400,35.7200,34.8000,35.2500,427287
2002-08-27,35.5400,36.0800,35.4200,35.6400,511012
2002-08-26,35.1000,35.6500,35.0000,35.5400,443482
2002-08-23,35.6100,35.6100,35.0100,35.0900,516194
2002-08-22,35.4500,35.9200,35.4000,35.8100,439352
2002-08-21,35.6600,35.9400,35.2800,35.5800,500729
2002-08-20,36.0000,36.0000,35.4500,35.8000,414332
2002-08-19,35.7600,36.2100,35.6500,36.1300,475709
2002-08-16,35.0000,35.9200,35.0000,35.7700,1128421
2002-08-15,35.7500,36.0400,35.5200,35.9000,676842
2002-08-14,34.7100,35.7500,34.1300,35.7300,580486
2002-08-13,35.2500,35.8000,34.6900,34.7100,621134
2002-08-12,35.3000,35.5000,34.7200,35.5000,499028
2002-08-09,34.7000,35.8400,34.7000,35.5000,557895
2002-08-08,34.4000,35.4500,34.3500,35.3800,786478
2002-08-07,34.0500,34.4000,33.8500,34.2500,618623
2002-08-06,33.1000,34.5800,33.1000,33.8500,641943
2002-08-05,33.9700,34.0000,32.8200,32.9000,700324
2002-08-02,34.1000,34.4500,33.4900,33.9700,510283
2002-08-01,34.6000,34.8500,33.9200,34.2500,721943
2002-07-31,34.8200,35.3800,34.5200,35.2300,810769
2002-07-30,34.8000,34.9500,34.1500,34.9200,879514
2002-07-29,33.7500,34.9000,33.7000,34.9000,809312
2002-07-26,32.4500,32.9000,32.2100,32.9000,725506
2002-07-25,31.2000,32.4500,31.0000,32.4500,1166721
2002-07-24,28.0000,31.3500,27.9500,31.2700,1351255
2002-07-23,30.7500,30.9000,29.3000,29.3500,1151579
2002-07-22,31.8100,32.0000,29.9000,30.7500,1471660
2002-07-19,31.0000,32.0000,31.0000,31.8100,989879
2002-07-18,33.7000,34.0300,32.2000,32.2800,649069
2002-07-17,33.8400,34.5100,33.1500,33.7000,558219
2002-07-16,33.6200,34.0100,33.0000,33.5900,632389
2002-07-15,33.8500,33.8500,32.2500,33.8200,737895
2002-07-12,34.4500,34.5500,33.7400,33.9500,545263
2002-07-11,34.3600,34.7000,33.8900,34.5000,648826
2002-07-10,34.8500,35.2200,34.1600,34.3500,630364
2002-07-09,35.8500,35.9600,34.9800,35.0600,510607
2002-07-08,35.6500,35.9900,35.5500,35.7900,449879
2002-07-05,34.9000,35.6500,34.8500,35.6500,314575
2002-07-03,35.2500,35.3600,34.5600,34.9000,736518
2002-07-02,34.8800,35.3100,34.7300,35.2500,744939
2002-07-01,35.0500,35.2000,34.7000,34.8800,532874
2002-06-28,34.4500,35.2500,34.4300,35.1500,683806
2002-06-27,34.4500,34.8800,34.3600,34.6000,715142
2002-06-26,34.7500,34.7500,33.8700,34.4500,663320
2002-06-25,35.0500,35.2400,34.6700,34.7000,473036
2002-06-24,35.0000,35.2500,34.3200,34.8500,541053
2002-06-21,35.0000,35.3500,34.8300,35.0000,641538
2002-06-20,35.4300,35.6500,35.1100,35.2500,468421
2002-06-19,35.4000,35.8300,35.4000,35.4200,477976
2002-06-18,35.4500,35.8000,35.3600,35.5000,446478
2002-06-17,34.6500,35.5600,34.6500,35.4500,471498
2002-06-14,34.1700,34.7700,33.7700,34.6300,471012
2002-06-13,34.5800,34.8800,34.1100,34.1700,396113
2002-06-12,34.5900,35.3600,34.5900,34.7800,718462
2002-06-11,35.4000,35.9700,35.0800,35.0800,383320
2002-06-10,35.4500,35.8100,35.1000,35.6100,354818
2002-06-07,35.1100,35.6900,35.0400,35.5300,488016
2002-06-06,35.6200,35.7100,35.0000,35.1000,282753
2002-06-05,35.1000,35.9000,35.1000,35.6200,249069
2002-06-04,35.4000,35.7000,34.9700,35.3400,672713
2002-06-03,36.2000,36.2000,35.5000,35.5300,406154
2002-05-31,35.6000,36.2500,35.6000,36.0500,435951
2002-05-30,35.5000,35.9400,35.5000,35.6600,293441
2002-05-29,35.8800,35.8800,35.5200,35.6500,254008
2002-05-28,35.6000,35.6700,35.3100,35.4800,413603
2002-05-24,35.9800,36.1200,35.7800,35.7800,494818
2002-05-23,35.6000,35.9500,35.4900,35.9100,320081
2002-05-22,35.5900,35.7900,35.1100,35.4700,381215
2002-05-21,35.7100,35.9700,35.5200,35.5900,280243
2002-05-20,36.1000,36.1000,35.5100,35.5600,211822
2002-05-17,35.5700,36.1500,35.5700,36.1000,292065
2002-05-16,36.0800,36.1100,35.8800,35.9700,262591
2002-05-15,35.6000,36.1600,35.6000,35.7800,388097
2002-05-14,35.3700,35.9400,35.3500,35.9000,331984
2002-05-13,35.1000,35.4500,34.8700,35.3700,180000
2002-05-10,35.3400,35.3400,34.8600,34.9500,296761
2002-05-09,35.6300,35.6500,35.2900,35.2900,277004
2002-05-08,35.5000,35.8500,35.5000,35.6300,371741
2002-05-07,35.4000,35.9100,35.3300,35.5700,464534
2002-05-06,35.7900,35.7900,35.3700,35.4000,333036
2002-05-03,35.6000,35.6600,35.3000,35.5400,486883
2002-05-02,35.0500,35.5500,35.0000,35.5200,1042105
2002-05-01,34.9200,35.3000,34.8500,35.2000,785911
2002-04-30,34.7600,35.3400,34.6900,35.0700,843725
2002-04-29,34.5200,34.9200,34.2800,34.8000,888097
2002-04-26,34.7000,34.9000,34.4800,34.5300,290850
2002-04-25,34.8900,34.8900,34.2900,34.8000,321781
2002-04-24,34.6000,35.0000,34.5900,34.7800,369069
2002-04-23,34.7800,35.0300,34.4100,34.7900,566073
2002-04-22,35.2200,35.2200,34.7000,34.7700,365020
2002-04-19,35.0600,35.2700,34.8600,35.1600,533846
2002-04-18,34.9600,38.4000,34.7100,34.9700,1346721
2002-04-17,34.9600,35.0000,34.5000,34.9700,1198462
2002-04-16,34.4700,34.9900,34.2900,34.8500,567692
2002-04-15,34.7800,34.8300,34.2300,34.3200,487773
2002-04-12,34.4800,34.7800,34.3800,34.7300,378300
2002-04-11,34.6800,34.7500,34.3300,34.3600,802591
2002-04-10,34.3700,34.7800,34.2400,34.6300,878866
2002-04-09,34.0400,34.4900,33.9300,34.3700,604939
2002-04-08,33.9000,34.2400,33.7200,34.1200,680243
2002-04-05,33.9300,34.2500,33.7800,34.0000,616842
2002-04-04,33.6400,34.0400,33.6100,33.9700,604858
2002-04-03,34.6500,34.6500,33.7200,33.8900,659514
2002-04-02,34.5800,34.6400,34.2600,34.5200,637976
2002-04-01,34.6400,34.6400,33.8200,34.4300,679838
2002-03-28,34.4700,34.7200,34.2900,34.3500,558866
2002-03-27,34.7500,34.7500,33.9400,34.6500,492874
2002-03-26,33.7800,34.2300,33.7700,34.1500,554089
2002-03-25,34.3500,34.3900,33.6800,33.7700,501781
2002-03-22,34.1600,34.3500,33.8200,34.2300,366964
2002-03-21,34.2500,34.2500,33.7800,34.1600,330364
2002-03-20,34.4200,34.5700,34.1600,34.1600,371417
2002-03-19,34.3100,34.7300,34.3100,34.6600,386073
2002-03-18,34.6300,34.8600,34.2500,34.4300,691417
2002-03-15,33.6500,34.8500,33.6100,34.7800,1081215
2002-03-14,33.9900,33.9900,33.6800,33.8900,331822
2002-03-13,34.6100,34.6100,33.9300,34.0800,619433
2002-03-12,34.6000,34.6000,34.0100,34.5100,475789
2002-03-11,33.9800,34.6500,33.9000,34.5600,869150
2002-03-08,34.0900,34.3100,33.9000,34.1600,533360
2002-03-07,34.3800,34.5000,33.9200,34.0200,898704
2002-03-06,33.5000,34.2500,33.3500,34.1900,692551
2002-03-05,33.5400,33.9900,33.3500,33.5000,529312
2002-03-04,32.7000,33.6700,32.6900,33.5800,699919
2002-03-01,32.4400,32.9900,32.2900,32.9500,538219
2002-02-28,32.5300,32.7500,32.2700,32.5000,658785
2002-02-27,32.3400,32.6900,32.1600,32.5200,948745
2002-02-26,31.9400,32.4900,31.9200,32.2500,441538
2002-02-25,31.5100,32.1000,31.4600,32.0400,412227
2002-02-22,31.3100,31.6800,31.1200,31.5800,513684
2002-02-21,31.6400,31.9200,31.2900,31.3400,372874
2002-02-20,31.8700,31.8700,31.2000,31.6800,661862
2002-02-19,31.5500,31.6900,31.0600,31.3200,476437
2002-02-15,32.0800,32.0800,31.6000,31.7000,434332
2002-02-14,31.5800,32.0100,31.3500,31.9900,1124211
2002-02-13,31.1900,31.6000,31.1400,31.5900,492632
2002-02-12,31.0700,31.4000,31.0000,31.2100,517409
2002-02-11,31.2000,31.3200,30.9000,31.2500,490931
2002-02-08,30.7600,31.2300,30.5100,31.2100,370364
2002-02-07,30.5900,31.5500,30.5000,30.6700,1036518
2002-02-06,30.6600,30.8200,30.3500,30.5900,542753
2002-02-05,30.7500,31.0000,30.4000,30.8300,459190
2002-02-04,31.3000,31.3200,30.6500,30.6900,689069
2002-02-01,31.3200,31.3200,30.9200,31.2900,347368
2002-01-31,30.9500,31.2800,30.7400,31.2700,477490
2002-01-30,30.6000,31.0700,29.9800,30.9600,1024049
2002-01-29,31.4300,31.6000,30.4800,30.6300,1104777
2002-01-28,31.5000,31.5000,31.3000,31.4700,339757
2002-01-25,31.4100,31.5800,31.1500,31.5500,255547
2002-01-24,31.4900,31.4900,31.1300,31.4100,362915
2002-01-23,31.3400,31.3400,30.8400,31.2700,620486
2002-01-22,30.9500,31.0900,30.7000,30.9700,564291
2002-01-18,30.0500,31.2400,29.7000,30.8000,639190
2002-01-17,30.2800,31.0500,30.1400,30.7800,658381
2002-01-16,30.6300,30.6400,30.1900,30.3500,603563
2002-01-15,30.1800,30.6300,30.0400,30.6300,528583
2002-01-14,30.1300,30.2000,29.7900,30.0500,569555
2002-01-11,30.4700,30.5400,29.9700,30.0100,389555
2002-01-10,30.1900,30.5400,29.9500,30.4200,464534
2002-01-09,30.1800,30.5600,30.0700,30.3000,612794
2002-01-08,30.6400,30.6400,30.1500,30.2200,522510
2002-01-07,30.6400,30.6400,30.3500,30.5000,492470
2002-01-04,30.5700,30.5700,30.0300,30.3600,455951
2002-01-03,30.3700,30.3700,29.9000,30.1000,806073
2002-01-02,29.9800,30.0000,29.5400,29.9800,638947
2001-12-31,30.1000,30.2900,29.9300,30.0400,513765
2001-12-28,29.7300,30.0500,29.7300,29.9500,362105
2001-12-27,29.7600,29.9400,29.6700,29.7400,193603
2001-12-26,29.9200,30.1200,29.7500,29.7500,285182
2001-12-24,30.0100,30.1200,29.7800,29.9400,172470
2001-12-21,30.2700,30.2700,29.6100,29.9400,908826
2001-12-20,29.8200,30.2500,29.8200,30.0900,919676
2001-12-19,29.5900,30.0100,29.4000,29.8900,638866
2001-12-18,29.4300,29.7500,29.1500,29.7000,487287
2001-12-17,29.2000,29.4900,29.0600,29.3400,545911
2001-12-14,28.9500,29.2500,28.6800,29.2000,643563
2001-12-13,29.3900,29.5100,28.8600,28.9700,373198
2001-12-12,29.5100,29.5900,29.1100,29.4900,326235
2001-12-11,29.2700,29.7900,29.1400,29.6100,360405
2001-12-10,29.5900,29.5900,29.2200,29.2700,287449
2001-12-07,29.5900,29.5900,29.2800,29.5700,325749
2001-12-06,29.8600,29.8600,29.3900,29.5900,657166
2001-12-05,29.1000,29.7500,28.9000,29.6200,490121
2001-12-04,28.5000,29.1000,28.5000,28.9500,465506
2001-12-03,28.7700,28.7700,28.1800,28.4700,384211
2001-11-30,29.1700,29.1700,28.7500,28.7700,658623
2001-11-29,29.0400,29.2000,28.9000,29.1400,721943
2001-11-28,29.3000,29.3000,28.9700,28.9700,461781
2001-11-27,29.5200,29.5200,29.0500,29.1500,350769
2001-11-26,29.1900,29.4500,29.1000,29.3700,198300
2001-11-23,29.2300,29.2300,28.6100,29.1600,72874
2001-11-21,29.1600,29.1600,28.6200,28.7500,289798
2001-11-20,29.1800,29.2400,28.7500,29.1500,287530
2001-11-19,28.9300,29.3500,28.9200,29.1900,174494
2001-11-16,29.0000,29.1100,28.6100,28.9500,355061
2001-11-15,29.2800,29.4900,29.0400,29.1300,404049
2001-11-14,29.1800,29.3800,29.0300,29.2900,591579
2001-11-13,28.7500,29.2600,28.7500,29.1500,476275
2001-11-12,28.8500,28.9700,28.1100,28.7600,320162
2001-11-09,28.8600,28.9800,28.4500,28.9100,306073
2001-11-08,28.6700,29.1900,28.6600,28.8300,495789
2001-11-07,29.2400,29.2400,28.4200,28.8400,468340
2001-11-06,28.2000,28.8700,27.9000,28.7600,459919
2001-11-05,27.5900,28.5000,27.5900,28.2800,406559
2001-11-02,27.4900,27.8200,27.0600,27.6100,379271
2001-11-01,26.8600,27.6000,26.6500,27.4900,524615
2001-10-31,27.4000,27.5800,26.9000,26.9100,434494
2001-10-30,27.6100,27.6100,26.8800,27.2000,448178
2001-10-29,28.1000,28.3000,27.3100,27.6100,661053
2001-10-26,27.8900,28.2500,27.5700,28.1400,416599
2001-10-25,27.4700,28.0600,26.8600,28.0000,499676
2001-10-24,27.6900,27.6900,27.3100,27.6400,619838
2001-10-23,27.5500,27.7200,27.2300,27.4600,602186
2001-10-22,26.7700,27.5000,26.7700,27.3700,380162
2001-10-19,27.0100,27.2300,26.6000,26.9100,879271
2001-10-18,26.8500,27.2600,26.6700,26.6900,390040
2001-10-17,27.5100,27.8100,26.8800,27.0300,239109
2001-10-16,27.3200,28.0000,27.1600,27.4800,642834
2001-10-15,26.9900,27.4200,26.6000,27.1800,431336
2001-10-12,27.2700,27.3400,26.6800,26.8300,838057
2001-10-11,27.0000,27.5600,26.9500,27.2800,752551
2001-10-10,26.6500,27.2200,26.3700,26.9800,815385
2001-10-09,26.9800,26.9800,26.3500,26.7500,1211174
2001-10-08,27.8500,27.8500,26.2500,26.3400,907935
2001-10-05,29.1000,29.1000,27.3400,27.7700,1377409
2001-10-04,29.2300,29.2300,28.4000,28.5300,851903
2001-10-03,29.3700,29.3700,28.9100,29.1600,954818
2001-10-02,29.4400,29.4400,28.7600,29.0600,890364
2001-10-01,28.9000,29.2500,28.1800,29.2200,874737
2001-09-28,28.2500,29.0700,28.1100,28.8600,998866
2001-09-27,28.0400,28.2500,27.8800,28.1700,907530
2001-09-26,28.2500,28.2500,27.8200,28.0400,724049
2001-09-25,27.6600,28.2500,27.5600,28.0400,647935
2001-09-24,27.8200,27.8200,27.0800,27.5500,622996
2001-09-21,27.3200,27.3200,25.7300,26.8500,1147773
2001-09-20,27.9800,27.9800,26.9900,27.1900,1016032
2001-09-19,28.7500,28.7500,27.1200,27.9200,559595
2001-09-18,27.5800,28.5200,27.3500,28.1400,737085
2001-09-17,27.8200,27.9400,25.9800,27.4600,801862
2001-09-10,28.2800,28.6900,27.8300,28.3200,694575
2001-09-07,28.9900,29.0000,28.2500,28.3000,428745
2001-09-06,29.5400,29.6000,28.7800,29.0500,514413
2001-09-05,29.6000,29.8300,29.3000,29.6100,538300
2001-09-04,29.4000,30.1600,28.7300,29.8100,1017733
2001-08-31,29.3400,29.7900,29.2700,29.4000,321943
2001-08-30,30.0800,30.0800,29.3500,29.4700,680810
2001-08-29,30.1000,30.1000,29.5200,29.6000,436437
2001-08-28,30.1000,30.3600,30.0000,30.0400,462348
2001-08-27,30.8500,31.1000,30.0500,30.0600,419919
2001-08-24,31.3000,31.4500,30.6900,30.8500,436113
2001-08-23,31.5800,31.7800,31.2500,31.2500,198462
2001-08-22,31.4500,31.7700,31.4100,31.5900,204777
2001-08-21,31.4000,31.9000,31.1500,31.4200,270607
2001-08-20,31.6400,31.8500,31.4000,31.4900,405506
2001-08-17,31.5000,31.9000,31.4100,31.5800,438381
2001-08-16,31.5200,31.9000,31.4700,31.8800,219028
2001-08-15,31.8000,32.1700,31.5600,31.6500,242267
2001-08-14,32.1400,32.3400,31.7500,31.9200,225506
2001-08-13,32.0100,32.1500,31.9000,32.0300,357652
2001-08-10,31.9500,32.3500,31.4600,32.0000,356680
2001-08-09,31.9500,32.0500,31.7100,31.9900,442186
2001-08-08,32.0800,32.2600,31.9500,32.0000,324291
2001-08-07,32.1000,32.4500,32.0500,32.2900,430850
2001-08-06,32.3500,32.5000,32.0900,32.0900,388664
2001-08-03,32.0800,32.3500,31.9900,32.3500,406235
2001-08-02,32.2100,32.4000,31.9600,32.1400,259271
2001-08-01,32.0300,32.2500,31.7300,32.2200,509231
2001-07-31,31.9600,32.1800,31.8300,32.0000,711660
2001-07-30,31.8000,32.2000,31.7800,31.9600,665830
2001-07-27,31.5900,32.0400,31.5800,31.9900,373522
2001-07-26,31.1900,31.7500,30.9500,31.6500,604696
2001-07-25,31.4200,31.4900,30.8700,31.1800,704211
2001-07-24,31.6300,31.7800,31.3200,31.4100,368421
2001-07-23,31.6600,31.8900,31.5300,31.6400,553360
2001-07-20,31.7900,31.9800,31.6800,31.6900,365020
2001-07-19,32.4000,32.5000,31.8400,32.0400,630931
2001-07-18,31.9200,32.4500,31.8100,32.3300,445182
2001-07-17,31.6500,32.2000,31.5000,32.1100,263401
2001-07-16,31.7600,32.0500,31.5100,31.6300,362267
2001-07-13,31.3000,32.0400,31.1300,31.9100,422996
2001-07-12,31.0400,31.5000,30.7200,31.4100,264372
2001-07-11,30.8200,31.1800,30.7500,31.0000,394737
2001-07-10,31.4000,31.4100,30.8900,30.8900,1133927
2001-07-09,31.6000,31.6000,31.0800,31.3700,623158
2001-07-06,31.8500,31.9400,31.2500,31.4100,1057085
2001-07-05,31.9500,32.1000,31.8500,31.8800,263077
2001-07-03,31.8000,32.1100,31.7600,32.0200,271174
2001-07-02,31.5100,32.2500,31.4500,32.1400,715223
2001-06-29,31.7400,32.9900,31.3200,32.0000,1472308
2001-06-28,31.3800,31.9100,31.2300,31.7500,636032
2001-06-27,31.2300,31.7400,31.0200,31.2300,457733
2001-06-26,31.2600,31.4600,31.0500,31.3300,1123806
2001-06-25,31.2200,31.6800,31.2200,31.3400,551498
2001-06-22,31.9000,32.0000,31.2600,31.2700,611579
2001-06-21,31.2700,31.9500,31.1800,31.9300,837004
2001-06-20,30.7900,31.4700,30.7000,31.1900,659514
2001-06-19,30.3200,30.9500,30.3000,30.8400,920972
2001-06-18,30.0800,30.4900,29.8700,30.3300,729798
2001-06-15,29.6800,30.2300,29.5500,30.1000,3806397
2001-06-14,30.0600,30.0900,29.2100,29.6000,2020243
2001-06-13,30.6200,30.6300,30.1000,30.1600,1344534
2001-06-12,30.7000,30.7100,30.3300,30.6600,958381
2001-06-11,30.9100,31.1100,30.7400,30.7500,402105
2001-06-08,31.2800,31.2800,30.7100,30.9100,362105
2001-06-07,31.2500,31.3100,30.9300,31.1900,428340
2001-06-06,31.5800,31.5800,30.9300,31.3200,435789
2001-06-05,31.1800,31.5800,31.1300,31.5800,380324
2001-06-04,31.1300,31.2500,30.8500,31.1900,277004
2001-06-01,30.9500,31.0900,30.5700,31.0700,370202
2001-05-31,30.6900,31.1400,30.5000,31.0300,359271
2001-05-30,30.9000,31.0400,30.6200,30.6200,422105
2001-05-29,30.4700,30.9500,30.3600,30.9000,451336
2001-05-25,30.7500,30.9400,30.5400,30.5500,271498
2001-05-24,30.7900,31.2300,30.7500,30.7600,525749
2001-05-23,31.0000,31.1300,30.7900,30.8000,624291
2001-05-22,30.5400,31.2000,30.2000,30.8200,534008
2001-05-21,30.6000,30.7000,30.2900,30.4200,591336
2001-05-18,30.5300,30.6300,30.3000,30.5300,668826
2001-05-17,30.9000,31.0800,30.5700,30.6900,426316
2001-05-16,30.1000,31.0000,29.9500,30.9900,501215
2001-05-15,29.9900,30.3800,29.8500,30.3400,313765
2001-05-14,29.8600,30.2000,29.7500,30.1700,293846
2001-05-11,30.0800,30.3300,29.6500,29.9500,406721
2001-05-10,30.0800,30.4500,29.9500,30.0300,408664
2001-05-09,30.1000,30.2500,29.9500,30.0400,673036
2001-05-08,30.2700,30.4600,30.1100,30.1700,455142
2001-05-07,30.5100,30.6500,30.3300,30.3500,263806
2001-05-04,30.1900,30.5500,30.0000,30.5500,480324
2001-05-03,30.2600,30.5000,29.9500,30.4100,400162
2001-05-02,30.1000,30.5100,29.9300,30.5000,534413
2001-05-01,30.2000,30.4900,29.8300,30.0000,560648
2001-04-30,31.0000,31.0000,30.0900,30.4500,876680
2001-04-27,30.1500,31.0100,30.1500,31.0000,594089
2001-04-26,30.2800,30.6300,30.1300,30.1400,479514
2001-04-25,30.5300,30.5500,29.7500,30.5500,836599
2001-04-24,30.7000,30.7700,30.3400,30.4800,1038300
2001-04-23,30.7100,30.8000,30.4500,30.7800,894332
2001-04-20,30.9000,31.0800,30.4300,30.7200,1089636
2001-04-19,31.0100,31.2600,30.9000,31.0200,621134
2001-04-18,30.0000,31.3000,30.0000,31.0800,957976
2001-04-17,30.1500,30.1500,29.8200,30.0400,1156275
2001-04-16,30.1300,30.5000,29.9000,30.0900,903482
2001-04-12,29.7400,30.3900,29.6500,30.3400,678623
2001-04-11,29.8100,30.2500,29.8000,30.1400,1348421
2001-04-10,29.0300,29.9900,29.0300,29.9300,1088097
2001-04-09,28.8800,29.2100,28.8800,29.0500,1011498
2001-04-06,29.2700,29.2800,28.5000,28.8800,1191903
2001-04-05,28.1900,29.3100,28.1300,29.2500,928583
2001-04-04,28.9400,29.0000,27.6300,28.0000,775223
2001-04-03,28.8100,28.9400,28.4400,28.8800,1507854
2001-04-02,28.3800,29.5000,28.1300,28.8800,1675223
2001-03-30,28.4400,29.3100,28.3100,28.4400,2349798
2001-03-29,27.9400,28.5000,27.8800,28.1700,660162
2001-03-28,28.2500,28.2500,27.8100,28.1300,909798
2001-03-27,28.0600,28.3800,27.8800,28.1900,1304453
2001-03-26,28.0000,28.1900,27.8800,28.1300,1026559
2001-03-23,26.7500,28.0000,26.6900,27.6900,1002510
2001-03-22,27.0800,27.3100,26.0000,26.7500,1409474
2001-03-21,28.0600,28.1300,27.1300,27.1900,805263
2001-03-20,28.9400,29.0000,28.0300,28.0600,777571
2001-03-19,29.1900,29.2500,28.2500,28.8100,737652
2001-03-16,28.8100,29.4400,28.7500,29.0000,1342510
2001-03-15,29.0000,29.7500,29.0000,29.4400,585506
2001-03-14,29.4400,29.8100,28.5600,28.9400,559676
2001-03-13,29.9400,30.3800,29.3800,30.3800,735951
2001-03-12,31.2500,31.2500,29.6300,29.8100,624130
2001-03-09,31.9400,31.9400,31.0600,31.2500,317166
2001-03-08,31.9400,32.0600,31.6300,32.0000,493117
2001-03-07,31.0600,32.0000,31.0000,32.0000,665020
2001-03-06,31.3800,31.6300,30.9400,31.1300,416518
2001-03-05,30.9400,31.3800,30.7500,31.2500,522186
2001-03-02,30.1900,31.1900,30.0600,31.1900,757976
2001-03-01,29.8800,30.5000,29.7500,30.3800,599352
2001-02-28,30.2200,30.5600,29.5600,30.0000,565668
2001-02-27,30.3100,30.6900,30.0000,30.2500,561862
2001-02-26,29.8800,30.3800,29.8100,30.3800,549879
2001-02-23,29.9400,30.1900,29.6900,30.0500,1105101
2001-02-22,29.9400,30.1900,29.1900,29.9400,1392632
2001-02-21,29.7500,30.2500,29.6900,29.9400,637814
2001-02-20,30.3800,30.5000,29.8100,30.0000,642267
2001-02-16,29.9400,30.5600,29.9400,30.5000,419757
2001-02-15,29.7500,30.1900,29.7500,30.1900,611579
2001-02-14,29.8800,30.0000,29.6900,29.8800,522996
2001-02-13,29.8800,30.0600,29.7500,29.9400,397328
2001-02-12,29.8100,30.4400,29.7500,30.0000,606802
2001-02-09,29.7500,30.0000,29.6900,29.9400,585101
2001-02-08,29.9400,30.0000,29.6900,29.8800,372227
2001-02-07,29.5600,29.9400,29.5000,29.8100,693117
2001-02-06,29.9400,30.0000,29.6300,29.6900,336275
2001-02-05,29.9100,29.9400,29.6900,29.8800,542186
2001-02-02,29.7000,30.0000,29.6300,29.7500,717166
2001-02-01,29.7500,30.0000,29.5000,29.8100,353522
2001-01-31,29.7500,29.8100,29.3800,29.7500,613441
2001-01-30,29.5600,29.7500,29.3100,29.6900,256437
2001-01-29,29.3800,30.0600,29.2500,29.5000,898866
2001-01-26,28.9400,29.5600,28.8800,29.3100,724211
2001-01-25,29.0000,29.3100,28.8800,28.9400,473927
2001-01-24,29.0000,29.0600,28.8100,29.0000,506721
2001-01-23,29.0600,29.3100,28.8100,28.9400,407854
2001-01-22,28.1900,29.1900,28.1300,29.1600,951984
2001-01-19,28.2500,28.7500,27.8800,28.2500,738381
2001-01-18,28.8100,28.8800,28.3100,28.3400,876680
2001-01-17,28.5000,29.0000,28.5000,28.8800,561538
2001-01-16,27.5600,28.5000,27.3100,28.3800,688502
2001-01-12,28.1900,28.1900,27.3800,27.6900,804534
2001-01-11,27.5000,28.1300,27.4400,28.0000,1437490
2001-01-10,27.3800,27.8800,27.1900,27.5000,750688
2001-01-09,27.5600,27.8100,26.9400,27.4400,878300
2001-01-08,27.6900,27.9400,27.2500,27.6300,764372
2001-01-05,28.6900,28.6900,27.5000,27.9400,591903
2001-01-04,28.1100,28.8800,28.0000,28.6300,742753
2001-01-03,27.0600,28.3800,26.2500,28.2000,960729
2001-01-02,27.4400,27.5000,26.6300,27.1300,1068016
2000-12-29,27.8100,27.8800,27.2500,27.3100,541215
2000-12-28,27.7800,27.8100,27.5600,27.8100,495466
2000-12-27,27.3400,28.0000,27.3100,27.8100,395870
2000-12-26,27.3700,27.6300,27.3100,27.6300,297085
2000-12-22,26.8100,27.5600,26.7500,27.5600,1277652
2000-12-21,26.5000,27.0000,25.8800,26.9400,1604130
2000-12-20,26.0000,26.5000,25.6900,26.4400,542510
2000-12-19,25.4400,26.9400,25.3100,26.3100,1502105
2000-12-18,24.5000,25.5000,24.0600,25.5000,1075223
2000-12-15,24.5000,25.0000,24.3100,24.6300,1456761
2000-12-14,25.0000,25.0000,24.1300,24.6900,507692
2000-12-13,25.5900,25.8800,25.0000,25.0000,404453
2000-12-12,26.1300,26.1900,25.5000,25.6300,570607
2000-12-11,25.8100,26.2500,25.3800,26.2500,615061
2000-12-08,24.9400,26.0000,24.9400,25.6300,706154
2000-12-07,24.7500,25.3800,24.6300,25.1300,417409
2000-12-06,24.7500,25.6400,24.3800,24.8600,1395709
2000-12-05,24.3800,24.8800,24.3100,24.7500,618057
2000-12-04,24.2500,24.5600,24.1900,24.4400,518704
2000-12-01,24.1900,24.6900,24.1300,24.1900,771741
2000-11-30,24.0300,24.3100,23.8800,24.2500,1553117
2000-11-29,23.4100,24.0600,23.3800,24.0000,452227
2000-11-28,23.1300,23.7500,23.0000,23.3800,427449
2000-11-27,23.0000,23.4400,22.9400,23.1300,365101
2000-11-24,22.8100,23.1900,22.6900,23.0000,218381
2000-11-22,22.8400,23.0000,22.6300,22.6300,355385
2000-11-21,22.5300,22.9400,22.4400,22.8800,360972
2000-11-20,22.7500,22.8100,22.4400,22.4400,380162
2000-11-17,22.9400,23.1900,22.6300,22.8100,554170
2000-11-16,22.9700,23.0600,22.5000,22.9400,353117
2000-11-15,23.3400,23.3800,22.5600,22.8100,511579
2000-11-14,23.3100,23.7500,23.1300,23.3100,397004
2000-11-13,23.0000,23.5000,22.8800,23.1300,424534
2000-11-10,23.8800,24.0600,23.0000,23.0600,860648
2000-11-09,24.2700,24.7500,23.6900,23.9400,1393927
2000-11-08,24.1300,24.5000,24.1300,24.2500,711093
2000-11-07,24.1900,24.5000,24.0600,24.2500,976356
2000-11-06,23.7500,24.3100,23.6900,24.3100,769150
2000-11-03,23.6900,23.8800,23.5000,23.7500,438947
2000-11-02,23.4400,24.1900,23.4400,23.5600,452713
2000-11-01,23.4400,23.7500,23.3100,23.6300,670040
2000-10-31,22.5600,23.6300,22.5600,23.5600,1103968
2000-10-30,21.9700,22.8800,21.8800,22.7500,351255
2000-10-27,21.5600,22.0000,21.1900,21.7500,514899
2000-10-26,21.3800,21.7500,21.0000,21.5600,547611
2000-10-25,20.6300,21.4400,20.6300,21.2500,471012
2000-10-24,20.6100,20.8800,20.5600,20.6900,421619
2000-10-23,21.0000,21.0000,20.4400,20.5000,470202
2000-10-20,21.3800,21.6900,20.8800,20.9400,673279
2000-10-19,20.6900,22.1900,20.6900,21.7500,606073
2000-10-18,20.6900,20.9400,20.1300,20.5600,513117
2000-10-17,20.9400,21.1900,20.6300,20.6900,654575
2000-10-16,21.1100,21.2500,20.8100,20.9400,383239
2000-10-13,20.2500,21.3800,20.1900,21.2500,388016
2000-10-12,20.8800,21.0000,20.0600,20.3100,378543
2000-10-11,21.3800,21.8100,20.2500,20.8800,477085
2000-10-10,21.8100,21.9400,21.1300,21.3100,372308
2000-10-09,22.0000,22.6900,21.5000,21.8800,260567
2000-10-06,22.9400,22.9400,22.0000,22.0600,361377
2000-10-05,23.2500,23.3800,22.8100,22.9400,309798
2000-10-04,23.4400,23.8800,23.1300,23.1900,259271
2000-10-03,23.5000,23.9500,23.4400,23.5600,349312
2000-10-02,22.7500,23.5600,22.3800,23.5000,668826
2000-09-29,23.2200,23.2500,22.5000,22.6900,693846
2000-09-28,22.7500,23.7500,22.4400,23.3100,505911
2000-09-27,22.8800,23.0000,22.2500,23.0000,302591
2000-09-26,22.6900,22.9400,22.4400,22.7500,326235
2000-09-25,22.2500,22.8100,22.1900,22.4400,710202
2000-09-22,23.0000,23.0000,22.0600,22.1900,1060729
2000-09-21,23.5300,23.5600,22.5600,23.1900,556194
2000-09-20,23.9400,24.0600,23.1300,23.5600,653522
2000-09-19,24.1900,24.3100,24.0000,24.0000,473684
2000-09-18,24.7200,24.7500,23.8800,24.0600,719919
2000-09-15,24.5600,24.7500,24.5000,24.7500,899352
2000-09-14,24.9400,24.9400,24.5600,24.7500,571255
2000-09-13,24.8800,25.2500,24.7500,24.8100,583887
2000-09-12,24.4400,24.9400,24.4400,24.8100,613684
2000-09-11,24.0900,24.6300,23.8800,24.5000,1119757
2000-09-08,23.4400,24.1900,23.3800,24.1300,908988
2000-09-07,22.9400,23.3100,22.9400,23.3100,586235
2000-09-06,22.4400,23.2500,22.4400,22.9400,496275
2000-09-05,21.9400,22.5600,21.9400,22.4400,485587
2000-09-01,21.7500,22.1300,21.7500,21.9400,495223
2000-08-31,21.4400,21.9400,21.3100,21.7500,272794
2000-08-30,21.2500,21.6300,21.1300,21.3800,405830
2000-08-29,21.4400,21.5000,21.1300,21.3100,294980
2000-08-28,21.0600,21.5600,21.0600,21.3800,577409
2000-08-25,21.3800,21.7500,21.1900,21.1900,435547
2000-08-24,21.9100,22.0000,21.4400,21.4400,257652
2000-08-23,22.1300,22.3100,21.8100,21.8800,282186
2000-08-22,21.8800,22.4400,21.7500,22.1300,339109
2000-08-21,21.4400,21.9400,21.4400,21.8100,321457
2000-08-18,21.5000,21.7500,21.3100,21.4400,325830
2000-08-17,21.7200,22.0000,21.4400,21.6100,303887
2000-08-16,21.8800,22.1700,21.8800,21.9400,221215
2000-08-15,22.2200,22.2500,21.8800,21.8800,160729
2000-08-14,22.2500,22.3800,22.0600,22.3100,366154
2000-08-11,22.0600,22.2500,21.8800,22.0600,309798
2000-08-10,21.8100,22.3100,21.8100,21.8800,306154
2000-08-09,22.0000,22.0600,21.3800,21.8100,350445
2000-08-08,21.5900,21.9400,21.5600,21.8800,603158
2000-08-07,21.8100,21.8100,21.2500,21.6300,328259
2000-08-04,21.0000,21.8100,20.9400,21.7500,565182
2000-08-03,20.0000,21.1300,19.8800,21.0000,453603
2000-08-02,20.0000,20.5000,20.0000,20.3000,274008
2000-08-01,19.9400,20.3100,19.8800,20.1300,255466
2000-07-31,20.0600,20.1900,19.9400,19.9400,529393
2000-07-28,20.1900,20.4400,19.8800,20.1300,268097
2000-07-27,20.3400,20.8100,20.1900,20.3100,289069
2000-07-26,21.0600,21.1900,20.2500,20.3100,546559
2000-07-25,21.2500,21.3100,21.0000,21.1300,264777
2000-07-24,21.3800,21.5000,21.0000,21.3800,350607
2000-07-21,21.4400,21.8800,21.3800,21.4400,282105
2000-07-20,21.0000,21.7500,20.9700,21.6900,469636
2000-07-19,21.3100,21.3800,20.6900,20.9400,508016
2000-07-18,20.6900,21.3100,20.6300,21.2500,232955
2000-07-17,21.6300,21.7500,20.9400,21.1900,245587
2000-07-14,21.3100,21.9400,21.3100,21.8100,228178
2000-07-13,21.3100,21.6300,21.2500,21.3800,598543
2000-07-12,21.5000,21.6300,21.0600,21.4400,632065
2000-07-11,21.5000,21.7500,21.4400,21.6300,362672
2000-07-10,21.5000,22.0000,21.5000,21.9400,318138
2000-07-07,21.1900,21.8800,21.0800,21.5600,781215
2000-07-06,21.1900,21.3800,21.0000,21.0000,282591
2000-07-05,21.1300,21.9400,20.9400,21.4400,675951
2000-07-03,19.8800,21.8100,19.8800,21.0000,802105
2000-06-30,20.5000,20.7500,19.6900,19.8800,816599
2000-06-29,20.9400,20.9400,20.5000,20.5000,342186
2000-06-28,21.0600,21.2500,20.8100,20.8100,578462
2000-06-27,21.0600,21.0600,20.8100,20.8100,301134
2000-06-26,21.0000,21.1300,20.6900,20.9400,392470
2000-06-23,20.5600,21.1300,20.4400,20.7500,848178
2000-06-22,20.5600,20.7500,20.3100,20.5000,365506
2000-06-21,20.8800,21.1300,20.3100,20.5000,630040
2000-06-20,21.5600,21.6300,20.4400,21.1300,434737
2000-06-19,20.4400,21.6300,20.2500,21.3100,526721
2000-06-16,21.1900,21.6300,20.1300,20.3100,1318623
2000-06-15,22.8100,22.8800,21.6900,21.7500,1011822
2000-06-14,22.8800,23.0600,22.5600,23.0000,609798
2000-06-13,23.0000,23.0600,22.6900,22.8100,488583
2000-06-12,22.8800,23.1900,22.7500,23.1300,395870
2000-06-09,23.3800,23.4400,22.8100,22.8800,551660
2000-06-08,23.6900,23.6900,23.0000,23.1300,263644
2000-06-07,23.3800,23.8100,23.2500,23.5000,180486
2000-06-06,23.5600,23.7500,23.0600,23.1300,218866
2000-06-05,24.4400,24.4400,23.4400,23.5600,550850
2000-06-02,23.7500,24.9700,23.7500,24.4400,488502
2000-06-01,22.5000,23.7500,22.5000,23.5600,387449
2000-05-31,22.6900,22.6900,22.3100,22.5000,329717
2000-05-30,22.1300,22.7500,22.0600,22.7500,761053
2000-05-26,22.1900,22.2500,22.0000,22.1300,642024
2000-05-25,22.0600,22.3100,21.8800,22.0600,922996
2000-05-24,22.0000,22.5000,22.0000,22.0000,1268988
2000-05-23,22.0000,22.3800,21.7500,22.0600,687773
2000-05-22,21.0000,22.0000,21.0000,22.0000,625020
2000-05-19,21.0000,21.2500,20.9400,21.1300,490364
2000-05-18,20.8100,21.5000,20.6900,21.5000,337652
2000-05-17,20.6900,20.8100,20.3800,20.8100,480243
2000-05-16,20.8800,21.1300,20.6300,20.6900,439028
2000-05-15,20.5600,21.0000,20.5000,20.8100,366559
2000-05-12,20.4400,20.8100,20.2500,20.6300,354737
2000-05-11,20.0000,20.6300,19.8800,20.2500,304291
2000-05-10,20.3100,20.5000,19.8100,19.8800,197895
2000-05-09,20.4400,20.8800,20.1300,20.3800,292470
2000-05-08,19.2500,20.7500,19.1300,20.3800,456680
2000-05-05,20.1900,20.1900,19.1900,19.1900,615628
2000-05-04,20.4400,20.4400,19.8100,20.1300,342267
2000-05-03,20.0600,20.6300,20.0000,20.3800,519028
2000-05-02,20.7500,20.7500,20.1900,20.3800,225263
2000-05-01,20.3800,21.0000,20.2500,20.6300,515223
2000-04-28,21.0300,21.0600,20.1300,20.4400,487530
2000-04-27,21.6300,21.6300,20.3800,20.8800,419757
2000-04-26,22.0000,22.0000,21.6300,21.6900,433522
2000-04-25,21.6900,22.1900,21.6900,22.0000,1198300
2000-04-24,20.9400,22.1300,20.8100,21.6900,735547
2000-04-20,21.0000,21.3800,20.6900,21.1300,376518
2000-04-19,21.3800,21.4400,20.7500,20.9400,367611
2000-04-18,20.6300,21.3100,20.1300,21.2500,575547
2000-04-17,20.6300,20.9400,19.9400,20.5800,765344
2000-04-14,21.5200,21.6300,20.2500,20.6400,457409
2000-04-13,21.9400,22.1300,21.5600,21.8400,341457
2000-04-12,22.1300,22.9400,21.8100,22.1100,669555
2000-04-11,22.0000,22.4400,21.8100,21.9400,348664
2000-04-10,22.4400,22.5000,21.8800,22.0600,326316
2000-04-07,23.0600,23.0600,21.8100,21.9400,499433
2000-04-06,23.4400,23.7500,22.5600,22.9400,478704
2000-04-05,23.8800,24.1300,23.1300,23.3300,601134
2000-04-04,24.2500,24.6300,23.3100,24.0000,605263
2000-04-03,22.8800,25.5000,22.8100,24.5000,1091336
2000-03-31,22.0000,23.2500,21.5200,22.8100,478300
2000-03-30,22.3800,22.5000,21.6900,21.9400,290931
2000-03-29,22.3100,22.6900,22.0000,22.3800,352146
2000-03-28,21.9400,22.6900,21.4400,22.1900,434089
2000-03-27,22.9400,23.1100,21.8800,22.0000,407854
2000-03-24,22.8800,23.0600,22.7500,22.7500,326559
2000-03-23,22.9400,23.1300,21.5000,23.0600,365830
2000-03-22,22.6900,23.0000,22.0600,22.7500,465911
2000-03-21,21.7500,22.7500,21.6900,22.7200,571012
2000-03-20,22.5000,22.6300,21.2500,21.8100,450283
2000-03-17,23.0600,24.0000,22.5000,22.6300,1181457
2000-03-16,20.7500,23.6900,20.7500,23.4400,1104534
2000-03-15,19.3800,21.0000,19.1900,20.5600,969879
2000-03-14,19.3100,19.5600,19.2500,19.3800,411498
2000-03-13,19.2500,19.6300,18.8800,19.3800,725587
2000-03-10,19.2500,19.5000,18.9400,19.0600,407206
2000-03-09,18.4400,19.3800,18.3100,19.2500,754980
2000-03-08,19.1300,19.1900,18.3100,18.4400,1022267
2000-03-07,19.5600,19.5600,19.0000,19.1300,676923
2000-03-06,19.2500,19.5000,19.0000,19.3800,1351741
2000-03-03,19.5600,19.6300,19.1300,19.3100,1228421
2000-03-02,20.0000,20.0000,19.1900,19.2500,801134
2000-03-01,20.3800,20.3800,19.6300,19.8800,503563
2000-02-29,21.2500,21.2500,20.0000,20.2500,863320
2000-02-28,20.3100,21.2500,20.2500,21.2500,800081
2000-02-25,20.8100,21.1300,20.2500,20.3100,873198
2000-02-24,21.2500,21.3800,20.3800,20.8100,844696
2000-02-23,21.8800,21.8800,21.2500,21.2500,671903
2000-02-22,21.8800,22.0000,21.6900,21.8100,530121
2000-02-18,22.5600,22.6300,21.7500,21.7500,798138
2000-02-17,23.5000,23.5600,22.5000,22.8800,451498
2000-02-16,23.3800,23.6300,23.2500,23.4400,437085
2000-02-15,23.2500,23.5600,22.9400,23.4400,522591
2000-02-14,23.6300,23.7500,23.1300,23.2500,691903
2000-02-11,23.6900,24.0600,23.5000,23.6300,531579
2000-02-10,23.7500,24.0600,23.4400,23.8100,1076113
2000-02-09,23.6300,24.0600,23.5000,23.9400,967530
2000-02-08,23.5000,23.8100,23.3800,23.5900,371255
2000-02-07,23.5000,23.5600,23.2500,23.3100,341862
2000-02-04,23.9100,24.0000,23.5000,23.5000,453927
2000-02-03,23.8100,24.2500,23.6900,23.9400,454899
2000-02-02,23.9400,24.1300,23.7500,23.8800,576275
2000-02-01,24.0000,24.3800,23.8800,24.2500,461134
2000-01-31,23.1300,24.3100,22.8800,24.2500,674170
2000-01-28,23.6900,23.6900,22.5000,22.7500,733036
2000-01-27,23.5600,23.8100,23.3800,23.6900,608259
2000-01-26,23.0000,23.6300,22.7500,23.6300,484130
2000-01-25,22.8100,23.2500,22.3100,22.8800,483320
2000-01-24,22.9400,23.1900,22.3800,22.7200,560486
2000-01-21,23.5000,23.8100,22.9400,23.0600,781700
2000-01-20,23.8800,24.1900,22.6300,23.0600,508097
2000-01-19,24.1300,24.5000,24.1300,24.3100,575951
2000-01-18,24.0600,24.1900,24.0600,24.0600,710931
2000-01-14,23.6900,24.3100,23.6300,24.1300,705425
2000-01-13,22.8100,23.8800,22.7500,23.6300,613441
2000-01-12,22.5600,22.8800,22.3800,22.7500,399919
2000-01-11,22.2500,22.5000,22.2500,22.3800,698462
2000-01-10,23.3800,23.5000,21.8800,22.0000,866478
2000-01-07,22.8100,23.1900,22.5000,23.0000,594089
2000-01-06,22.3800,23.0600,22.1900,22.7500,774899
2000-01-05,22.7500,23.8100,22.4400,22.8100,513765
2000-01-04,23.5600,23.5600,22.4400,22.8100,1266559
2000-01-03,25.2500,25.2500,23.5000,23.5000,1042996
1999-12-31,24.9400,25.3100,24.4400,25.1300,323887
1999-12-30,24.8800,25.1900,24.5600,24.9400,511822
1999-12-29,23.4400,25.3800,23.3800,24.9400,751255
1999-12-28,24.0000,24.2500,23.3100,23.3800,626964
1999-12-27,24.8100,25.0000,23.9400,23.9400,428259
1999-12-23,24.1900,25.3100,24.1300,24.7500,569150
1999-12-22,24.8800,24.9400,24.0600,24.0600,479595
1999-12-21,24.1300,24.9400,23.5600,24.8100,647368
1999-12-20,24.5000,24.5000,23.6300,23.7500,575061
1999-12-17,23.8800,24.5000,23.1900,24.4400,1417733
1999-12-16,25.2500,25.3800,23.7500,23.7500,872146
1999-12-15,24.3100,25.1900,24.1300,25.1300,1453279
1999-12-14,24.7500,24.9400,24.1900,24.5000,541457
1999-12-13,25.6300,25.8800,24.7500,25.0000,486397
1999-12-10,25.6300,26.0600,25.3800,25.8100,356923
1999-12-09,25.6300,25.9400,25.0000,25.2500,397652
1999-12-08,26.0000,26.0600,25.3800,25.5600,389069
1999-12-07,26.8800,26.9400,25.3800,26.0000,799595
1999-12-06,27.9400,28.0000,26.9400,27.0000,440729
1999-12-03,27.3800,28.8100,27.3100,27.9400,623968
1999-12-02,27.6300,28.1300,27.0600,27.1300,744534
1999-12-01,27.6300,28.1300,27.4400,27.6600,357814
1999-11-30,27.5000,27.8800,27.1300,27.4400,572551
1999-11-29,27.6300,27.8800,26.9400,27.4400,438785
1999-11-26,28.0600,28.3800,27.8100,28.0300,179919
1999-11-24,28.3100,28.3800,28.1300,28.2500,339676
1999-11-23,28.3800,28.7500,28.0600,28.5000,318866
1999-11-22,29.2500,29.5000,28.1900,28.7500,441377
1999-11-19,30.0000,30.0000,29.1900,29.5000,316761
1999-11-18,30.1900,30.5600,29.7500,30.0000,526316
1999-11-17,30.8800,31.0600,30.0000,30.2800,632065
1999-11-16,31.2500,31.3800,30.8800,31.1300,523158
1999-11-15,31.3100,31.3800,30.8100,31.1900,349474
1999-11-12,30.5000,31.3100,30.4400,31.1900,305263
1999-11-11,30.6900,30.6900,30.1300,30.4400,263158
1999-11-10,30.7500,30.8800,30.0600,30.6900,375547
1999-11-09,31.3800,31.4400,30.7500,31.0000,530526
1999-11-08,31.1300,31.3100,30.6900,31.2500,476680
1999-11-05,31.3100,31.8100,31.0600,31.0600,660162
1999-11-04,30.2500,31.1300,30.0600,30.9400,659676
1999-11-03,30.7500,31.0000,30.1300,30.2500,803077
1999-11-02,30.3800,31.0600,30.3100,30.5600,860810
1999-11-01,30.0600,30.5000,29.9400,30.1900,537247
